1,1,0,4,0,3.5597773109469,0,0,0,17.1582556280909,1,0,0,0
1,1,1,0,7,0,7.20996887265005,0,0,2.1,0,1,0,0
1,1,0,0,5,0,0,3.12975537477288,0,3.78,0,0,1,0
1,1,0,8,3,0,0,0,3.83067446745249,2.4,0,0,0,1
1,2,0,2,0,4.63375761991687,0,0,0,17.1582556280909,1,0,0,0
1,2,1,0,7,0,5.47812670364001,0,0,2.1,0,1,0,0
1,2,0,0,5,0,0,4.69820361332926,0,3.465,0,0,1,0
1,2,0,3,3,0,0,0,6.1693426872765,3.2,0,0,0,1
1,3,0,2,0,6.77942023933386,0,0,0,17.1582556280909,1,0,0,0
1,3,1,0,7,0,5.47812670364001,0,0,2.1,0,1,0,0
1,3,0,0,5,0,0,6.35307001330728,0,4.2,0,0,1,0
1,3,0,3,3,0,0,0,7.03617051023435,2.4,0,0,0,1
1,4,0,4,0,4.63375761991687,0,0,0,17.1582556280909,1,0,0,0
1,4,1,0,12,0,3.82918512991843,0,0,2.1,0,1,0,0
1,4,0,0,6,0,0,4.69820361332926,0,5.25,0,0,1,0
1,4,0,8,7,0,0,0,7.03617051023435,2.4,0,0,0,1
1,5,0,0,0,3.5597773109469,0,0,0,17.1582556280909,1,0,0,0
1,5,1,0,2,0,5.47812670364001,0,0,2.1,0,1,0,0
1,5,0,0,2,0,0,4.69820361332926,0,5.25,0,0,1,0
1,5,0,1,0,0,0,0,3.83067446745249,2.4,0,0,0,1
2,6,0,2,0,6.7195413475436,0,0,0,17.5163240782396,1,0,0,0
2,6,0,12,5,0,5.54435374986947,0,0,3.4,0,1,0,0
2,6,1,0,5,0,0,7.46272782109741,0,3.75,0,0,1,0
2,6,0,4,3,0,0,0,8.29344819220562,3.6,0,0,0,1
2,7,0,0,0,6.7195413475436,0,0,0,17.5163240782396,1,0,0,0
2,7,0,10.8,2,0,6.08020339484331,0,0,3.4,0,1,0,0
2,7,1,0,0,0,0,8.87612121670417,0,5.84,0,0,1,0
2,7,0,2,2,0,0,0,8.29344819220562,2.7,0,0,0,1
2,8,0,4,0,6.7195413475436,0,0,0,17.5163240782396,1,0,0,0
2,8,0,13.2,9,0,5.54435374986947,0,0,3.4,0,1,0,0
2,8,1,0,8,0,0,5.20772141339437,0,5.42,0,0,1,0
2,8,0,7,6,0,0,0,6.24908158358864,3.6,0,0,0,1
2,9,0,2,0,4.38201068299404,0,0,0,17.5163240782396,1,0,0,0
2,9,0,12,2,0,4.00280651431596,0,0,3.4,0,1,0,0
2,9,1,0,0,0,0,5.20772141339437,0,5,0,0,1,0
2,9,0,4,2,0,0,0,10.9661857191627,3.6,0,0,0,1
2,10,0,4,0,6.7195413475436,0,0,0,17.5163240782396,1,0,0,0
2,10,0,13.2,9,0,4.00280651431596,0,0,3.4,0,1,0,0
2,10,0,0,8,0,0,7.46272782109741,0,6.25,0,0,1,0
2,10,1,7,6,0,0,0,10.9661857191627,2.7,0,0,0,1
3,11,0,5,0,3.03923311038856,0,0,0,19.4817007173276,1,0,0,0
3,11,0,38.5,4,0,4.78861024039532,0,0,2.7,0,1,0,0
3,11,1,0,4,0,0,3.018230813094,0,3.78,0,0,1,0
3,11,0,6,3,0,0,0,3.97524949802906,2.4,0,0,0,1
3,12,0,0,0,4.99118968180641,0,0,0,19.4817007173276,1,0,0,0
3,12,0,31.5,3,0,4.78861024039532,0,0,2.7,0,1,0,0
3,12,1,0,1,0,0,6.5045397203659,0,4.62,0,0,1,0
3,12,0,2,1,0,0,0,6.0775639142556,2.4,0,0,0,1
3,13,0,2,0,3.03923311038856,0,0,0,19.4817007173276,1,0,0,0
3,13,0,35,7,0,4.78861024039532,0,0,2.7,0,1,0,0
3,13,1,0,6,0,0,5.0426601840981,0,5.04,0,0,1,0
3,13,0,3,5,0,0,0,6.0775639142556,4,0,0,0,1
3,14,0,2,0,3.03923311038856,0,0,0,19.4817007173276,1,0,0,0
3,14,0,35,3,0,2.59678183719441,0,0,2.7,0,1,0,0
3,14,1,0,1,0,0,3.018230813094,0,4.2,0,0,1,0
3,14,0,3,1,0,0,0,7.09304058472464,3.2,0,0,0,1
3,15,0,0,0,4.99118968180641,0,0,0,19.4817007173276,1,0,0,0
3,15,0,31.5,4,0,4.78861024039532,0,0,2.7,0,1,0,0
3,15,1,0,4,0,0,3.018230813094,0,5.25,0,0,1,0
3,15,0,2,3,0,0,0,7.09304058472464,4,0,0,0,1
4,16,0,5,0,4.01389540892884,0,0,0,11.7022939815727,1,0,0,0
4,16,1,33,3,0,2.9405546625472,0,0,2.4,0,1,0,0
4,16,0,0,1,0,0,3.67703669325612,0,3.015,0,0,1,0
4,16,0,6,0,0,0,0,4.93033751088202,2.9,0,0,0,1
4,17,0,0,0,3.84483048834252,0,0,0,11.7022939815727,1,0,0,0
4,17,1,27,3,0,2.9405546625472,0,0,2.4,0,1,0,0
4,17,0,0,1,0,0,4.84751865438826,0,4.44,0,0,1,0
4,17,0,2,0,0,0,0,4.09970853056286,2.175,0,0,0,1
4,18,0,3,0,4.01389540892884,0,0,0,11.7022939815727,1,0,0,0
4,18,1,30,6,0,2.54669664356548,0,0,2.4,0,1,0,0
4,18,0,0,5,0,0,4.84751865438826,0,4.44,0,0,1,0
4,18,0,3,3,0,0,0,4.93033751088202,2.175,0,0,0,1
4,19,0,3,0,2.20660925663696,0,0,0,11.7022939815727,1,0,0,0
4,19,1,30,3,0,1.65633504529398,0,0,2.4,0,1,0,0
4,19,0,0,1,0,0,2.3523181992472,0,4.44,0,0,1,0
4,19,0,3,0,0,0,0,4.93033751088202,2.9,0,0,0,1
4,20,0,0,0,2.20660925663696,0,0,0,11.7022939815727,1,0,0,0
4,20,1,27,3,0,2.54669664356548,0,0,2.4,0,1,0,0
4,20,0,0,1,0,0,3.67703669325612,0,5.025,0,0,1,0
4,20,0,2,0,0,0,0,2.99307866048605,2.175,0,0,0,1
5,21,0,4,0,6.06443914504825,0,0,0,11.6901336921356,1,0,0,0
5,21,0,9.46,1,0,4.54704392364878,0,0,2.7,0,1,0,0
5,21,0,0,2,0,0,5.11576001686411,0,3.465,0,0,1,0
5,21,1,7,0,0,0,0,8.13927399894206,3.2,0,0,0,1
5,22,0,0,0,5.25059782125768,0,0,0,11.6901336921356,1,0,0,0
5,22,0,7.74,1,0,4.54704392364878,0,0,2.7,0,1,0,0
5,22,0,0,2,0,0,6.41717255125222,0,4.2,0,0,1,0
5,22,1,0,0,0,0,0,5.11334992354115,2.4,0,0,0,1
5,23,0,3,0,3.27469366329599,0,0,0,11.6901336921356,1,0,0,0
5,23,0,8.6,7,0,4.54704392364878,0,0,2.7,0,1,0,0
5,23,0,0,8,0,0,5.11576001686411,0,5.04,0,0,1,0
5,23,1,3,6,0,0,0,5.11334992354115,4,0,0,0,1
5,24,0,0,0,3.27469366329599,0,0,0,11.6901336921356,1,0,0,0
5,24,0,7.74,1,0,3.7784210771272,0,0,2.7,0,1,0,0
5,24,0,0,2,0,0,5.11576001686411,0,5.775,0,0,1,0
5,24,1,0,0,0,0,0,4.00310824706757,2.4,0,0,0,1
5,25,0,0,0,5.25059782125768,0,0,0,11.6901336921356,1,0,0,0
5,25,0,7.74,5,0,4.54704392364878,0,0,2.7,0,1,0,0
5,25,0,0,3,0,0,3.45688307924589,0,5.25,0,0,1,0
5,25,1,0,3,0,0,0,8.13927399894206,4,0,0,0,1
6,26,0,4,0,2.45828305689112,0,0,0,10.781447590222,1,0,0,0
6,26,0,13.42,3,0,1.63293414936236,0,0,2.5,0,1,0,0
6,26,1,0,2,0,0,1.92220180074736,0,2.565,0,0,1,0
6,26,0,8,0,0,0,0,3.35276231629605,2.6,0,0,0,1
6,27,0,1,0,2.05715166336325,0,0,0,10.781447590222,1,0,0,0
6,27,0,10.98,3,0,1.63293414936236,0,0,2.5,0,1,0,0
6,27,0,0,2,0,0,2.71891933314477,0,3.42,0,0,1,0
6,27,1,2,0,0,0,0,2.23283631439154,1.95,0,0,0,1
6,28,0,4,0,2.05715166336325,0,0,0,10.781447590222,1,0,0,0
6,28,1,13.42,7,0,1.32230706525089,0,0,2.5,0,1,0,0
6,28,0,0,7,0,0,1.49038251943197,0,3.42,0,0,1,0
6,28,0,8,5,0,0,0,1.58236125842257,2.6,0,0,0,1
6,29,0,3,0,1.43972278904163,0,0,0,10.781447590222,1,0,0,0
6,29,1,12.2,3,0,1.11445116044824,0,0,2.5,0,1,0,0
6,29,0,0,2,0,0,1.49038251943197,0,3.84,0,0,1,0
6,29,0,4,0,0,0,0,3.35276231629605,2.6,0,0,0,1
6,30,0,4,0,2.05715166336325,0,0,0,10.781447590222,1,0,0,0
6,30,1,13.42,7,0,1.11445116044824,0,0,2.5,0,1,0,0
6,30,0,0,7,0,0,1.92220180074736,0,4.8,0,0,1,0
6,30,0,8,5,0,0,0,3.35276231629605,1.95,0,0,0,1
7,31,1,5,0,7.70276584574086,0,0,0,1.148,1,0,0,0
7,31,0,2.2,1,0,8.72215633071543,0,0,1.7,0,1,0,0
7,31,0,0,0,0,0,7.3181175789838,0,4.065,0,0,1,0
7,31,0,8,0,0,0,0,11.5745206509192,3.6,0,0,0,1
7,32,1,2,0,6.41157315334109,0,0,0,1.148,1,0,0,0
7,32,0,2,7,0,8.02649745802081,0,0,1.7,0,1,0,0
7,32,0,0,5,0,0,7.3181175789838,0,3.75,0,0,1,0
7,32,0,4,3,0,0,0,8.52455398194132,3.6,0,0,0,1
7,33,1,2,0,5.45655091825327,0,0,0,1.148,1,0,0,0
7,33,0,2,12,0,8.72215633071543,0,0,1.7,0,1,0,0
7,33,0,0,6,0,0,7.3181175789838,0,5,0,0,1,0
7,33,0,4,5,0,0,0,8.52455398194132,4.5,0,0,0,1
7,34,1,5,0,6.41157315334109,0,0,0,1.148,1,0,0,0
7,34,0,2.2,12,0,8.02649745802081,0,0,1.7,0,1,0,0
7,34,0,0,6,0,0,4.57674127970281,0,5.42,0,0,1,0
7,34,0,8,5,0,0,0,5.62126107968419,3.6,0,0,0,1
7,35,1,2,0,5.45655091825327,0,0,0,1.148,1,0,0,0
7,35,0,2,1,0,6.3016909450995,0,0,1.7,0,1,0,0
7,35,0,0,0,0,0,4.57674127970281,0,5,0,0,1,0
7,35,0,4,0,0,0,0,11.5745206509192,3.6,0,0,0,1
8,36,0,3,0,5.39758143495945,0,0,0,11.8647391004382,1,0,0,0
8,36,0,30,5,0,3.37559289396172,0,0,2.6,0,1,0,0
8,36,1,0,5,0,0,5.3914813350517,0,3.615,0,0,1,0
8,36,0,5,3,0,0,0,6.28702936285106,3.3,0,0,0,1
8,37,0,0,0,5.39758143495945,0,0,0,11.8647391004382,1,0,0,0
8,37,0,27,2,0,5.1429319608358,0,0,2.6,0,1,0,0
8,37,0,0,2,0,0,6.97409468797829,0,4.4,0,0,1,0
8,37,1,2,2,0,0,0,6.28702936285106,2.475,0,0,0,1
8,38,0,3,0,7.36052701893741,0,0,0,11.8647391004382,1,0,0,0
8,38,0,30,5,0,3.37559289396172,0,0,2.6,0,1,0,0
8,38,0,0,5,0,0,6.97409468797829,0,4.4,0,0,1,0
8,38,1,5,3,0,0,0,9.13785454885519,2.475,0,0,0,1
8,39,0,0,0,4.39396767904842,0,0,0,11.8647391004382,1,0,0,0
8,39,0,27,2,0,3.37559289396172,0,0,2.6,0,1,0,0
8,39,0,0,2,0,0,5.3914813350517,0,5.5,0,0,1,0
8,39,1,2,2,0,0,0,4.76020330493576,2.475,0,0,0,1
8,40,0,0,0,5.39758143495945,0,0,0,11.8647391004382,1,0,0,0
8,40,0,27,5,0,5.1429319608358,0,0,2.6,0,1,0,0
8,40,0,0,5,0,0,3.3004227233586,0,6.025,0,0,1,0
8,40,1,2,3,0,0,0,9.13785454885519,4.125,0,0,0,1
9,41,0,4,0,4.43845484947983,0,0,0,19.8093433555074,1,0,0,0
9,41,0,13.42,3,0,3.2264096776085,0,0,2.8,0,1,0,0
9,41,1,0,0,0,0,3.71410563752616,0,2.7,0,0,1,0
9,41,0,8,0,0,0,0,5.21385358574657,2.9,0,0,0,1
9,42,0,0,0,3.70244609693821,0,0,0,19.8093433555074,1,0,0,0
9,42,0,10.98,3,0,3.2264096776085,0,0,2.8,0,1,0,0
9,42,0,0,0,0,0,4.8914756514345,0,3.6,0,0,1,0
9,42,1,2,0,0,0,0,4.49095926984236,2.175,0,0,0,1
9,43,0,2,0,2.21387471610538,0,0,0,19.8093433555074,1,0,0,0
9,43,0,12.2,8,0,3.2264096776085,0,0,2.8,0,1,0,0
9,43,1,0,7,0,0,3.71410563752616,0,4.02,0,0,1,0
9,43,0,4,5,0,0,0,4.49095926984236,3.625,0,0,0,1
9,44,0,4,0,3.70244609693821,0,0,0,19.8093433555074,1,0,0,0
9,44,0,13.42,8,0,2.30154606015457,0,0,2.8,0,1,0,0
9,44,1,0,7,0,0,2.33999780065846,0,3.6,0,0,1,0
9,44,0,8,5,0,0,0,2.94618140668519,2.9,0,0,0,1
9,45,0,0,0,2.21387471610538,0,0,0,19.8093433555074,1,0,0,0
9,45,0,10.98,3,0,2.30154606015457,0,0,2.8,0,1,0,0
9,45,0,0,0,0,0,3.71410563752616,0,4.5,0,0,1,0
9,45,1,2,0,0,0,0,2.94618140668519,2.175,0,0,0,1
10,46,0,5,0,4.18956802021469,0,0,0,0.574,1,0,0,0
10,46,0,57.86,3,0,3.00046360499702,0,0,2.1,0,1,0,0
10,46,1,0,2,0,0,3.27326485717745,0,2.7,0,0,1,0
10,46,0,7,0,0,0,0,5.29565818267773,2.9,0,0,0,1
10,47,0,0,0,3.56102573250211,0,0,0,0.574,1,0,0,0
10,47,0,47.34,3,0,3.00046360499702,0,0,2.1,0,1,0,0
10,47,0,0,2,0,0,4.86506546911901,0,3.6,0,0,1,0
10,47,1,2,0,0,0,0,4.4553028184118,2.175,0,0,0,1
10,48,1,3,0,2.56645100749248,0,0,0,0.574,1,0,0,0
10,48,0,52.6,7,0,3.00046360499702,0,0,2.1,0,1,0,0
10,48,0,0,9,0,0,3.27326485717745,0,4.44,0,0,1,0
10,48,0,3,6,0,0,0,4.4553028184118,3.625,0,0,0,1
10,49,1,3,0,4.18956802021469,0,0,0,0.574,1,0,0,0
10,49,0,52.6,6,0,2.79658667019023,0,0,2.1,0,1,0,0
10,49,0,0,3,0,0,4.86506546911901,0,4.02,0,0,1,0
10,49,0,3,3,0,0,0,5.29565818267773,2.175,0,0,0,1
10,50,1,0,0,3.56102573250211,0,0,0,0.574,1,0,0,0
10,50,0,47.34,6,0,3.00046360499702,0,0,2.1,0,1,0,0
10,50,0,0,3,0,0,2.16345948715775,0,5.025,0,0,1,0
10,50,0,2,3,0,0,0,5.29565818267773,3.625,0,0,0,1
11,51,0,5,0,2.13659175202171,0,0,0,11.7576033806167,1,0,0,0
11,51,0,4.4,10,0,4.99195999556499,0,0,1.7,0,1,0,0
11,51,1,0,3,0,0,2.36740332829473,0,3.33,0,0,1,0
11,51,0,8,4,0,0,0,2.7555132300373,2.175,0,0,0,1
11,52,0,2,0,4.06731348684228,0,0,0,11.7576033806167,1,0,0,0
11,52,0,4,10,0,3.75197129893395,0,0,1.7,0,1,0,0
11,52,0,0,3,0,0,4.28864682209414,0,3.6,0,0,1,0
11,52,1,4,4,0,0,0,5.02529162148137,2.175,0,0,0,1
11,53,0,5,0,3.66656248628082,0,0,0,11.7576033806167,1,0,0,0
11,53,1,4.4,15,0,3.75197129893395,0,0,1.7,0,1,0,0
11,53,0,0,7,0,0,2.36740332829473,0,3.6,0,0,1,0
11,53,0,8,5,0,0,0,2.7555132300373,2.9,0,0,0,1
11,54,0,2,0,2.13659175202171,0,0,0,11.7576033806167,1,0,0,0
11,54,1,4,3,0,2.83911411602495,0,0,1.7,0,1,0,0
11,54,0,0,1,0,0,2.36740332829473,0,3.6,0,0,1,0
11,54,0,4,0,0,0,0,5.02529162148137,2.9,0,0,0,1
11,55,0,1,0,3.66656248628082,0,0,0,11.7576033806167,1,0,0,0
11,55,0,3.6,10,0,4.99195999556499,0,0,1.7,0,1,0,0
11,55,0,0,3,0,0,2.36740332829473,0,4.5,0,0,1,0
11,55,1,2,4,0,0,0,5.02529162148137,3.625,0,0,0,1
12,56,0,4,0,5.7257995911119,0,0,0,17.9489074162345,1,0,0,0
12,56,0,48.62,1,0,4.39257667271713,0,0,0,0,1,0,0
12,56,1,0,2,0,0,4.1204349625554,0,3,0,0,1,0
12,56,0,8,1,0,0,0,7.14725613814016,3.1,0,0,0,1
12,57,0,3,0,4.21727337650193,0,0,0,17.9489074162345,1,0,0,0
12,57,0,44.2,6,0,3.57648442312528,0,0,0,0,1,0,0
12,57,1,0,4,0,0,4.1204349625554,0,3.63,0,0,1,0
12,57,0,3,3,0,0,0,4.98335022679142,3.1,0,0,0,1
12,58,0,3,0,5.7257995911119,0,0,0,17.9489074162345,1,0,0,0
12,58,0,44.2,6,0,3.57648442312528,0,0,0,0,1,0,0
12,58,0,0,4,0,0,5.96328240972089,0,4.84,0,0,1,0
12,58,1,3,3,0,0,0,7.14725613814016,2.325,0,0,0,1
12,59,0,4,0,4.21727337650193,0,0,0,17.9489074162345,1,0,0,0
12,59,0,48.62,8,0,3.57648442312528,0,0,0,0,1,0,0
12,59,1,0,9,0,0,2.71012835086093,0,4,0,0,1,0
12,59,0,8,5,0,0,0,3.20332390820918,3.1,0,0,0,1
12,60,0,3,0,2.7781700814092,0,0,0,17.9489074162345,1,0,0,0
12,60,0,44.2,1,0,2.6578194582271,0,0,0,0,1,0,0
12,60,1,0,2,0,0,2.71012835086093,0,4.84,0,0,1,0
12,60,0,3,1,0,0,0,7.14725613814016,3.1,0,0,0,1
13,61,0,4,0,4.91576162709756,0,0,0,12.348169146075,1,0,0,0
13,61,1,13.42,3,0,3.66075433130859,0,0,2.1,0,1,0,0
13,61,0,0,1,0,0,4.05231587971847,0,3.48,0,0,1,0
13,61,0,7,1,0,0,0,6.05085222815416,3,0,0,0,1
13,62,0,2,0,4.32274027669866,0,0,0,12.348169146075,1,0,0,0
13,62,1,12.2,6,0,3.1845667347276,0,0,2.1,0,1,0,0
13,62,0,0,3,0,0,4.05231587971847,0,3.48,0,0,1,0
13,62,0,3,3,0,0,0,4.38009010999931,3,0,0,0,1
13,63,0,2,0,2.49808712231416,0,0,0,12.348169146075,1,0,0,0
13,63,1,12.2,3,0,2.11499648739467,0,0,2.1,0,1,0,0
13,63,0,0,1,0,0,2.47446373218542,0,4.64,0,0,1,0
13,63,0,3,1,0,0,0,6.05085222815416,3,0,0,0,1
13,64,0,1,0,2.49808712231416,0,0,0,12.348169146075,1,0,0,0
13,64,1,10.98,3,0,3.1845667347276,0,0,2.1,0,1,0,0
13,64,0,0,1,0,0,4.05231587971847,0,5.8,0,0,1,0
13,64,0,2,1,0,0,0,3.4384630690884,2.25,0,0,0,1
13,65,0,1,0,4.32274027669866,0,0,0,12.348169146075,1,0,0,0
13,65,1,10.98,6,0,3.66075433130859,0,0,2.1,0,1,0,0
13,65,0,0,3,0,0,2.47446373218542,0,5.8,0,0,1,0
13,65,0,2,3,0,0,0,6.05085222815416,3.75,0,0,0,1
14,66,0,0,0,1.51360676562498,0,0,0,0.246,1,0,0,0
14,66,0,45.18,3,0,1.31218233539541,0,0,3.6,0,1,0,0
14,66,0,0,1,0,0,1.95340811818685,0,3.64,0,0,1,0
14,66,1,0,1,0,0,0,1.50586010723046,1.875,0,0,0,1
14,67,0,3,0,0.909685936130044,0,0,0,0.246,1,0,0,0
14,67,0,50.2,7,0,1.31218233539541,0,0,3.6,0,1,0,0
14,67,0,0,7,0,0,1.56711449805114,0,3.64,0,0,1,0
14,67,1,5,7,0,0,0,1.50586010723046,3.125,0,0,0,1
14,68,0,5,0,1.51360676562498,0,0,0,0.246,1,0,0,0
14,68,0,55.22,7,0,1.12041945760614,0,0,3.6,0,1,0,0
14,68,0,0,7,0,0,0.922602315368737,0,2.8,0,0,1,0
14,68,1,6,7,0,0,0,1.16132273036319,2.5,0,0,0,1
14,69,0,0,0,0.909685936130044,0,0,0,0.246,1,0,0,0
14,69,0,45.18,3,0,1.12041945760614,0,0,3.6,0,1,0,0
14,69,0,0,1,0,0,1.56711449805114,0,3.5,0,0,1,0
14,69,1,0,1,0,0,0,1.16132273036319,1.875,0,0,0,1
14,70,0,0,0,1.51360676562498,0,0,0,0.246,1,0,0,0
14,70,0,45.18,5,0,1.31218233539541,0,0,3.6,0,1,0,0
14,70,0,0,5,0,0,0.922602315368737,0,4.55,0,0,1,0
14,70,1,0,3,0,0,0,2.46546799153217,3.125,0,0,0,1
15,71,0,5,0,1.16814413072265,0,0,0,19.9956536373509,1,0,0,0
15,71,0,44,6,0,1.28320759739336,0,0,2.8,0,1,0,0
15,71,1,0,5,0,0,0.986969241170904,0,2.1,0,0,1,0
15,71,0,8,3,0,0,0,1.27367711228404,1.875,0,0,0,1
15,72,0,5,0,1.86192419495478,0,0,0,19.9956536373509,1,0,0,0
15,72,0,44,1,0,1.28320759739336,0,0,2.8,0,1,0,0
15,72,1,0,1,0,0,1.64195021549052,0,2.415,0,0,1,0
15,72,0,8,0,0,0,0,2.45037851560637,2.5,0,0,0,1
15,73,0,3,0,1.16814413072265,0,0,0,19.9956536373509,1,0,0,0
15,73,0,40,1,0,0.784042383400733,0,0,2.8,0,1,0,0
15,73,1,0,1,0,0,0.986969241170904,0,2.8,0,0,1,0
15,73,0,5,0,0,0,0,2.45037851560637,2.5,0,0,0,1
15,74,0,5,0,1.50331564532903,0,0,0,19.9956536373509,1,0,0,0
15,74,0,44,8,0,0.784042383400733,0,0,2.8,0,1,0,0
15,74,0,0,8,0,0,1.64195021549052,0,3.5,0,0,1,0
15,74,1,8,5,0,0,0,2.45037851560637,1.875,0,0,0,1
15,75,0,1,0,1.16814413072265,0,0,0,19.9956536373509,1,0,0,0
15,75,0,36,1,0,1.1166438455965,0,0,2.8,0,1,0,0
15,75,0,0,1,0,0,1.64195021549052,0,4.025,0,0,1,0
15,75,1,2,0,0,0,0,1.27367711228404,1.875,0,0,0,1
16,76,1,5,0,3.97904472406466,0,0,0,0.984,1,0,0,0
16,76,0,14.3,9,0,8.11671965865342,0,0,2.7,0,1,0,0
16,76,0,0,3,0,0,3.6379639889202,0,3.45,0,0,1,0
16,76,0,6,3,0,0,0,5.33433434300458,2.55,0,0,0,1
16,77,1,3,0,5.90827088284033,0,0,0,0.984,1,0,0,0
16,77,0,13,9,0,6.41535034058973,0,0,2.7,0,1,0,0
16,77,0,0,3,0,0,6.28391859170141,0,3.45,0,0,1,0
16,77,0,5,3,0,0,0,6.86089444888311,3.4,0,0,0,1
16,78,1,3,0,3.97904472406466,0,0,0,0.984,1,0,0,0
16,78,0,13,2,0,5.866823092072,0,0,2.7,0,1,0,0
16,78,0,0,2,0,0,3.6379639889202,0,4.6,0,0,1,0
16,78,0,5,2,0,0,0,9.62934677052064,3.4,0,0,0,1
16,79,1,5,0,5.90827088284033,0,0,0,0.984,1,0,0,0
16,79,0,14.3,14,0,5.866823092072,0,0,2.7,0,1,0,0
16,79,0,0,8,0,0,6.28391859170141,0,5.75,0,0,1,0
16,79,0,6,6,0,0,0,9.62934677052064,2.55,0,0,0,1
16,80,1,1,0,3.97904472406466,0,0,0,0.984,1,0,0,0
16,80,0,11.7,2,0,6.41535034058973,0,0,2.7,0,1,0,0
16,80,0,0,2,0,0,6.28391859170141,0,6.8,0,0,1,0
16,80,0,0,2,0,0,0,5.33433434300458,2.55,0,0,0,1
17,81,0,5,0,6.56058967673699,0,0,0,13.4060593008311,1,0,0,0
17,81,0,33,3,0,4.32488747623863,0,0,2.9,0,1,0,0
17,81,1,0,0,0,0,4.58316920396946,0,3.465,0,0,1,0
17,81,0,6,0,0,0,0,8.00536891038189,3.2,0,0,0,1
17,82,0,3,0,3.93020422545499,0,0,0,13.4060593008311,1,0,0,0
17,82,0,30,9,0,4.32488747623863,0,0,2.9,0,1,0,0
17,82,1,0,6,0,0,4.58316920396946,0,5.04,0,0,1,0
17,82,0,4,5,0,0,0,5.98824047588004,4,0,0,0,1
17,83,0,3,0,6.56058967673699,0,0,0,13.4060593008311,1,0,0,0
17,83,0,30,5,0,3.03310400271628,0,0,2.9,0,1,0,0
17,83,0,0,5,0,0,6.53979563888623,0,4.62,0,0,1,0
17,83,1,4,4,0,0,0,8.00536891038189,2.4,0,0,0,1
17,84,0,5,0,5.48151145246381,0,0,0,13.4060593008311,1,0,0,0
17,84,0,33,9,0,2.73045704507512,0,0,2.9,0,1,0,0
17,84,0,0,6,0,0,4.58316920396946,0,5.775,0,0,1,0
17,84,1,6,5,0,0,0,8.00536891038189,2.4,0,0,0,1
17,85,0,1,0,5.48151145246381,0,0,0,13.4060593008311,1,0,0,0
17,85,0,27,5,0,4.32488747623863,0,0,2.9,0,1,0,0
17,85,0,0,5,0,0,3.71664936973635,0,6.3,0,0,1,0
17,85,1,1,4,0,0,0,8.00536891038189,4,0,0,0,1
18,86,0,4,0,4.80960204770314,0,0,0,11.9019776525935,1,0,0,0
18,86,0,21.12,9,0,3.16228142510221,0,0,2.4,0,1,0,0
18,86,1,0,8,0,0,2.99604670009484,0,4.84,0,0,1,0
18,86,0,7,7,0,0,0,3.8480066613988,3.1,0,0,0,1
18,87,0,2,0,2.87160307897059,0,0,0,11.9019776525935,1,0,0,0
18,87,0,19.2,2,0,2.56256180751663,0,0,2.4,0,1,0,0
18,87,1,0,2,0,0,2.99604670009484,0,4.42,0,0,1,0
18,87,0,5,2,0,0,0,6.99960897733681,3.1,0,0,0,1
18,88,0,4,0,4.80960204770314,0,0,0,11.9019776525935,1,0,0,0
18,88,0,21.12,9,0,2.56256180751663,0,0,2.4,0,1,0,0
18,88,0,0,8,0,0,4.8428233154567,0,5,0,0,1,0
18,88,1,7,7,0,0,0,6.99960897733681,2.325,0,0,0,1
18,89,0,1,0,2.87160307897059,0,0,0,11.9019776525935,1,0,0,0
18,89,0,17.28,2,0,3.16228142510221,0,0,2.4,0,1,0,0
18,89,0,0,2,0,0,4.8428233154567,0,6.05,0,0,1,0
18,89,1,1,2,0,0,0,3.8480066613988,2.325,0,0,0,1
18,90,0,1,0,4.80960204770314,0,0,0,11.9019776525935,1,0,0,0
18,90,0,17.28,5,0,3.80837201134031,0,0,2.4,0,1,0,0
18,90,1,0,4,0,0,2.99604670009484,0,5.525,0,0,1,0
18,90,0,1,4,0,0,0,6.99960897733681,3.875,0,0,0,1
19,91,1,4,0,4.33418464891943,0,0,0,0.574,1,0,0,0
19,91,0,9.46,2,0,2.97124864996207,0,0,2.7,0,1,0,0
19,91,0,0,0,0,0,3.84400910404371,0,2.7,0,0,1,0
19,91,0,7,0,0,0,0,5.62148498612723,2.9,0,0,0,1
19,92,1,2,0,3.54411692300209,0,0,0,0.574,1,0,0,0
19,92,0,8.6,4,0,2.59606031016355,0,0,2.7,0,1,0,0
19,92,0,0,3,0,0,3.84400910404371,0,3.015,0,0,1,0
19,92,0,4,4,0,0,0,3.99664751334271,2.9,0,0,0,1
19,93,1,2,0,2.66327660630068,0,0,0,0.574,1,0,0,0
19,93,0,8.6,9,0,2.97124864996207,0,0,2.7,0,1,0,0
19,93,0,0,6,0,0,3.84400910404371,0,4.02,0,0,1,0
19,93,0,4,5,0,0,0,3.99664751334271,3.625,0,0,0,1
19,94,1,2,0,4.33418464891943,0,0,0,0.574,1,0,0,0
19,94,0,8.6,4,0,2.59606031016355,0,0,2.7,0,1,0,0
19,94,0,0,3,0,0,4.34761273252024,0,3.6,0,0,1,0
19,94,0,4,4,0,0,0,5.62148498612723,2.175,0,0,0,1
19,95,1,0,0,2.66327660630068,0,0,0,0.574,1,0,0,0
19,95,0,7.74,2,0,2.59606031016355,0,0,2.7,0,1,0,0
19,95,0,0,0,0,0,3.84400910404371,0,4.5,0,0,1,0
19,95,0,0,0,0,0,0,2.71288533188936,2.175,0,0,0,1
20,96,0,4,0,0,0,0,0,0,1,0,0,0
20,96,0,26.4,3,0,0,0,0,0,0,1,0,0
20,96,0,0,0,0,0,0,0,1.965,0,0,1,0
20,96,1,8,0,0,0,0,0,2.2,0,0,0,1
20,97,0,3,0,0,0,0,0,0,1,0,0,0
20,97,0,24,5,0,0,0,0,0,0,1,0,0
20,97,0,0,4,0,0,0,0,2.28,0,0,1,0
20,97,1,5,3,0,0,0,0,2.2,0,0,0,1
20,98,0,3,0,0,0,0,0,0,1,0,0,0
20,98,0,24,3,0,0,0,0,0,0,1,0,0
20,98,0,0,0,0,0,0,0,3.04,0,0,1,0
20,98,1,5,0,0,0,0,0,2.2,0,0,0,1
20,99,0,4,0,0,0,0,0,0,1,0,0,0
20,99,0,26.4,7,0,0,0,0,0,0,1,0,0
20,99,1,0,9,0,0,0,0,3.275,0,0,1,0
20,99,0,8,7,0,0,0,0,1.65,0,0,0,1
20,100,0,1,0,0,0,0,0,0,1,0,0,0
20,100,0,21.6,5,0,0,0,0,0,0,1,0,0
20,100,0,0,4,0,0,0,0,3.8,0,0,1,0
20,100,1,2,3,0,0,0,0,2.75,0,0,0,1
21,101,0,3,0,4.30242569369786,0,0,0,11.1984355716776,1,0,0,0
21,101,0,20.2,4,0,3.13895264899799,0,0,2.7,0,1,0,0
21,101,1,0,3,0,0,3.88991107649401,0,3.165,0,0,1,0
21,101,0,4,4,0,0,0,4.28844347928847,3,0,0,0,1
21,102,0,0,0,4.30242569369786,0,0,0,11.1984355716776,1,0,0,0
21,102,0,18.18,3,0,3.49980702947355,0,0,2.7,0,1,0,0
21,102,0,0,1,0,0,4.97422589533362,0,3.8,0,0,1,0
21,102,1,2,2,0,0,0,4.28844347928847,2.25,0,0,0,1
21,103,0,3,0,2.52741931083785,0,0,0,11.1984355716776,1,0,0,0
21,103,0,20.2,3,0,2.01813478479584,0,0,2.7,0,1,0,0
21,103,0,0,1,0,0,2.49486480692748,0,4.22,0,0,1,0
21,103,1,4,2,0,0,0,6.60405478379784,3,0,0,0,1
21,104,0,5,0,4.30242569369786,0,0,0,11.1984355716776,1,0,0,0
21,104,0,22.22,7,0,2.01813478479584,0,0,2.7,0,1,0,0
21,104,0,0,6,0,0,3.88991107649401,0,4.75,0,0,1,0
21,104,1,6,7,0,0,0,6.60405478379784,2.25,0,0,0,1
21,105,0,0,0,4.30242569369786,0,0,0,11.1984355716776,1,0,0,0
21,105,0,18.18,4,0,3.49980702947355,0,0,2.7,0,1,0,0
21,105,0,0,3,0,0,2.49486480692748,0,5.275,0,0,1,0
21,105,1,2,4,0,0,0,6.60405478379784,3.75,0,0,0,1
22,106,0,5,0,7.25726623955585,0,0,0,15.2656739050396,1,0,0,0
22,106,0,12.32,2,0,5.49569728027463,0,0,2.4,0,1,0,0
22,106,1,0,0,0,0,6.19891491513674,0,3.765,0,0,1,0
22,106,0,7,1,0,0,0,9.25094961287709,3.4,0,0,0,1
22,107,0,3,0,3.85581188338246,0,0,0,15.2656739050396,1,0,0,0
22,107,1,11.2,7,0,5.49569728027463,0,0,2.4,0,1,0,0
22,107,0,0,6,0,0,6.19891491513674,0,5.44,0,0,1,0
22,107,0,3,7,0,0,0,6.25106383390982,4.25,0,0,0,1
22,108,0,3,0,7.25726623955585,0,0,0,15.2656739050396,1,0,0,0
22,108,0,11.2,5,0,3.95793280516703,0,0,2.4,0,1,0,0
22,108,0,0,4,0,0,7.49367036425827,0,5.02,0,0,1,0
22,108,1,3,4,0,0,0,9.25094961287709,2.55,0,0,0,1
22,109,0,5,0,6.59542064610762,0,0,0,15.2656739050396,1,0,0,0
22,109,0,12.32,7,0,3.95793280516703,0,0,2.4,0,1,0,0
22,109,0,0,6,0,0,4.16751809664246,0,5.02,0,0,1,0
22,109,1,7,7,0,0,0,5.37013877648165,3.4,0,0,0,1
22,110,0,3,0,3.85581188338246,0,0,0,15.2656739050396,1,0,0,0
22,110,1,11.2,2,0,3.57042729304415,0,0,2.4,0,1,0,0
22,110,0,0,0,0,0,4.16751809664246,0,5.02,0,0,1,0
22,110,0,3,1,0,0,0,9.25094961287709,3.4,0,0,0,1
23,111,1,3,0,5.9037256357618,0,0,0,0.902,1,0,0,0
23,111,0,16,5,0,3.40333810430098,0,0,2.4,0,1,0,0
23,111,0,0,5,0,0,5.73604193424947,0,3.3,0,0,1,0
23,111,0,3,4,0,0,0,6.65270081237021,3.3,0,0,0,1
23,112,1,3,0,6.93089291611242,0,0,0,0.902,1,0,0,0
23,112,0,16,5,0,3.40333810430098,0,0,2.4,0,1,0,0
23,112,0,0,5,0,0,6.86521209146949,0,4.82,0,0,1,0
23,112,0,3,4,0,0,0,7.81713825400619,2.475,0,0,0,1
23,113,1,5,0,5.9037256357618,0,0,0,0.902,1,0,0,0
23,113,0,17.6,7,0,3.40333810430098,0,0,2.4,0,1,0,0
23,113,0,0,9,0,0,4.39480479643559,0,5.24,0,0,1,0
23,113,0,6,6,0,0,0,3.94815417434977,3.3,0,0,0,1
23,114,1,5,0,5.9037256357618,0,0,0,0.902,1,0,0,0
23,114,0,17.6,7,0,2.97281579926443,0,0,2.4,0,1,0,0
23,114,0,0,9,0,0,5.73604193424947,0,6.025,0,0,1,0
23,114,0,6,6,0,0,0,7.81713825400619,2.475,0,0,0,1
23,115,1,0,0,5.9037256357618,0,0,0,0.902,1,0,0,0
23,115,0,14.4,5,0,4.98158486487381,0,0,2.4,0,1,0,0
23,115,0,0,5,0,0,4.39480479643559,0,5.5,0,0,1,0
23,115,0,1,4,0,0,0,7.81713825400619,4.125,0,0,0,1
24,116,1,4,0,36.5188153894895,0,0,0,8.2,1,0,0,0
24,116,0,22,6,0,43.1682866190486,0,0,1.3,0,1,0,0
24,116,0,0,5,0,0,35.6372836175461,0,16.65,0,0,1,0
24,116,0,8,4,0,0,0,41.2977240156144,9.15,0,0,0,1
24,117,1,0,0,45.8395870683807,0,0,0,8.2,1,0,0,0
24,117,0,18,1,0,43.1682866190486,0,0,1.3,0,1,0,0
24,117,0,0,2,0,0,60.1372699276864,0,22.2,0,0,1,0
24,117,0,1,2,0,0,0,53.3137339372918,9.15,0,0,0,1
24,118,1,3,0,36.5188153894895,0,0,0,8.2,1,0,0,0
24,118,0,20,7,0,43.1682866190486,0,0,1.3,0,1,0,0
24,118,0,0,6,0,0,50.9109858087988,0,22.2,0,0,1,0
24,118,0,3,7,0,0,0,53.3137339372918,15.25,0,0,0,1
24,119,1,3,0,36.5188153894895,0,0,0,8.2,1,0,0,0
24,119,0,20,1,0,28.1489904220563,0,0,1.3,0,1,0,0
24,119,0,0,2,0,0,35.6372836175461,0,22.62,0,0,1,0
24,119,0,3,2,0,0,0,80.0971053645707,12.2,0,0,0,1
24,120,1,4,0,45.8395870683807,0,0,0,8.2,1,0,0,0
24,120,0,22,7,0,28.1489904220563,0,0,1.3,0,1,0,0
24,120,0,0,6,0,0,50.9109858087988,0,28.8,0,0,1,0
24,120,0,8,7,0,0,0,80.0971053645707,9.15,0,0,0,1
25,121,1,4,0,4.50078096468951,0,0,0,0.574,1,0,0,0
25,121,0,33,1,0,3.40764857498176,0,0,0,0,1,0,0
25,121,0,0,1,0,0,3.32870662996515,0,2.7,0,0,1,0
25,121,0,7,2,0,0,0,5.1354007595534,2.9,0,0,0,1
25,122,1,2,0,3.39519297684198,0,0,0,0.574,1,0,0,0
25,122,0,30,5,0,2.40758162029264,0,0,0,0,1,0,0
25,122,0,0,3,0,0,3.32870662996515,0,3.015,0,0,1,0
25,122,0,4,3,0,0,0,4.14959575062375,2.9,0,0,0,1
25,123,1,2,0,2.17111222706063,0,0,0,0.574,1,0,0,0
25,123,0,30,7,0,3.40764857498176,0,0,0,0,1,0,0
25,123,0,0,9,0,0,3.32870662996515,0,3.6,0,0,1,0
25,123,0,4,5,0,0,0,4.14959575062375,3.625,0,0,0,1
25,124,1,2,0,4.50078096468951,0,0,0,0.574,1,0,0,0
25,124,0,30,5,0,2.40758162029264,0,0,0,0,1,0,0
25,124,0,0,3,0,0,4.57599706549104,0,4.44,0,0,1,0
25,124,0,4,3,0,0,0,5.1354007595534,2.175,0,0,0,1
25,125,1,2,0,2.17111222706063,0,0,0,0.574,1,0,0,0
25,125,0,30,1,0,1.43115205900538,0,0,0,0,1,0,0
25,125,0,0,1,0,0,2.12004805943464,0,4.02,0,0,1,0
25,125,0,4,2,0,0,0,5.1354007595534,2.9,0,0,0,1
26,126,0,3,0,9.89971575767261,0,0,0,12.1080907704095,1,0,0,0
26,126,1,30,4,0,6.14356223590289,0,0,2.6,0,1,0,0
26,126,0,0,5,0,0,9.72236617624815,0,4.965,0,0,1,0
26,126,0,3,4,0,0,0,11.029370788026,4.2,0,0,0,1
26,127,0,0,0,9.89971575767261,0,0,0,12.1080907704095,1,0,0,0
26,127,1,27,3,0,9.60784927746464,0,0,2.6,0,1,0,0
26,127,0,0,2,0,0,13.5190321848539,0,6.62,0,0,1,0
26,127,0,1,1,0,0,0,11.029370788026,3.15,0,0,0,1
26,128,0,3,0,6.81417925162571,0,0,0,12.1080907704095,1,0,0,0
26,128,1,30,3,0,4.64335751595054,0,0,2.6,0,1,0,0
26,128,0,0,2,0,0,6.94181434366429,0,6.62,0,0,1,0
26,128,0,3,1,0,0,0,16.1607674586495,4.2,0,0,0,1
26,129,0,5,0,9.89971575767261,0,0,0,12.1080907704095,1,0,0,0
26,129,1,33,8,0,4.64335751595054,0,0,2.6,0,1,0,0
26,129,0,0,7,0,0,9.72236617624815,0,8.275,0,0,1,0
26,129,0,7,7,0,0,0,16.1607674586495,3.15,0,0,0,1
26,130,0,0,0,9.89971575767261,0,0,0,12.1080907704095,1,0,0,0
26,130,1,27,4,0,9.60784927746464,0,0,2.6,0,1,0,0
26,130,0,0,5,0,0,6.94181434366429,0,8.275,0,0,1,0
26,130,0,1,4,0,0,0,16.1607674586495,5.25,0,0,0,1
27,131,0,4,0,5.53254214919464,0,0,0,19.5498799489462,1,0,0,0
27,131,0,22.22,3,0,4.02240873734057,0,0,2.5,0,1,0,0
27,131,0,0,2,0,0,4.722325668722,0,3.15,0,0,1,0
27,131,1,8,1,0,0,0,8.2704470864894,3.2,0,0,0,1
27,132,0,0,0,4.7699965050607,0,0,0,19.5498799489462,1,0,0,0
27,132,0,18.18,3,0,4.02240873734057,0,0,2.5,0,1,0,0
27,132,0,0,2,0,0,6.14155937618147,0,4.62,0,0,1,0
27,132,1,2,1,0,0,0,6.1047069810109,2.4,0,0,0,1
27,133,0,4,0,4.7699965050607,0,0,0,19.5498799489462,1,0,0,0
27,133,0,22.22,7,0,2.45884266809068,0,0,2.5,0,1,0,0
27,133,0,0,6,0,0,4.722325668722,0,5.775,0,0,1,0
27,133,1,8,5,0,0,0,8.2704470864894,2.4,0,0,0,1
27,134,0,0,0,3.56954443002342,0,0,0,19.5498799489462,1,0,0,0
27,134,0,18.18,3,0,3.51063415233759,0,0,2.5,0,1,0,0
27,134,0,0,2,0,0,4.722325668722,0,5.25,0,0,1,0
27,134,1,2,1,0,0,0,4.3407377744654,2.4,0,0,0,1
27,135,0,0,0,4.7699965050607,0,0,0,19.5498799489462,1,0,0,0
27,135,1,18.18,5,0,4.02240873734057,0,0,2.5,0,1,0,0
27,135,0,0,5,0,0,3.14282527359734,0,6.3,0,0,1,0
27,135,0,2,4,0,0,0,8.2704470864894,4,0,0,0,1
28,136,0,5,0,3.53474404819653,0,0,0,16.4611994234266,1,0,0,0
28,136,1,5.5,6,0,5.05231867096208,0,0,2.2,0,1,0,0
28,136,0,0,5,0,0,3.61728821625404,0,3.615,0,0,1,0
28,136,0,8,3,0,0,0,4.17676814888296,2.475,0,0,0,1
28,137,0,5,0,7.46230505242997,0,0,0,16.4611994234266,1,0,0,0
28,137,1,5.5,3,0,5.05231867096208,0,0,2.2,0,1,0,0
28,137,0,0,2,0,0,5.84189059061275,0,3.93,0,0,1,0
28,137,0,8,1,0,0,0,7.73062772453544,3.3,0,0,0,1
28,138,0,5,0,5.04920523657911,0,0,0,16.4611994234266,1,0,0,0
28,138,1,5.5,9,0,3.63807806953277,0,0,2.2,0,1,0,0
28,138,0,0,7,0,0,3.61728821625404,0,5.24,0,0,1,0
28,138,0,8,7,0,0,0,4.17676814888296,3.3,0,0,0,1
28,139,0,2,0,3.53474404819653,0,0,0,16.4611994234266,1,0,0,0
28,139,1,5,3,0,3.25568920570791,0,0,2.2,0,1,0,0
28,139,0,0,2,0,0,3.61728821625404,0,5.24,0,0,1,0
28,139,0,4,1,0,0,0,7.73062772453544,3.3,0,0,0,1
28,140,0,5,0,5.04920523657911,0,0,0,16.4611994234266,1,0,0,0
28,140,1,5.5,9,0,3.25568920570791,0,0,2.2,0,1,0,0
28,140,0,0,7,0,0,5.84189059061275,0,5.5,0,0,1,0
28,140,0,8,7,0,0,0,7.73062772453544,2.475,0,0,0,1
29,141,0,2,0,3.83389339620105,0,0,0,18.5864811237218,1,0,0,0
29,141,1,30,6,0,3.08989209194898,0,0,0,0,1,0,0
29,141,0,0,5,0,0,4.38215527813466,0,3.48,0,0,1,0
29,141,0,5,4,0,0,0,4.51042024365403,3,0,0,0,1
29,142,0,2,0,4.59494000249425,0,0,0,18.5864811237218,1,0,0,0
29,142,1,30,6,0,3.08989209194898,0,0,0,0,1,0,0
29,142,0,0,5,0,0,5.1028825980385,0,4.22,0,0,1,0
29,142,0,5,4,0,0,0,6.24464272527132,2.25,0,0,0,1
29,143,0,5,0,3.83389339620105,0,0,0,18.5864811237218,1,0,0,0
29,143,1,33,8,0,3.08989209194898,0,0,0,0,1,0,0
29,143,0,0,7,0,0,2.96828399537324,0,3.8,0,0,1,0
29,143,0,8,7,0,0,0,2.82738912478727,3,0,0,0,1
29,144,0,2,0,2.47659497374589,0,0,0,18.5864811237218,1,0,0,0
29,144,1,30,2,0,1.6884803077412,0,0,0,0,1,0,0
29,144,0,0,0,0,0,2.96828399537324,0,4.64,0,0,1,0
29,144,0,5,1,0,0,0,6.24464272527132,3,0,0,0,1
29,145,0,5,0,3.83389339620105,0,0,0,18.5864811237218,1,0,0,0
29,145,1,33,8,0,1.6884803077412,0,0,0,0,1,0,0
29,145,0,0,7,0,0,4.38215527813466,0,5.275,0,0,1,0
29,145,0,8,7,0,0,0,6.24464272527132,2.25,0,0,0,1
30,146,0,5,0,9.67878936735885,0,0,0,2.46,1,0,0,0
30,146,1,4.4,6,0,12.6759753592024,0,0,2.3,0,1,0,0
30,146,0,0,5,0,0,10.1927004680486,0,6.78,0,0,1,0
30,146,0,6,3,0,0,0,11.3897537188348,3.9,0,0,0,1
30,147,0,5,0,18.0744723484559,0,0,0,2.46,1,0,0,0
30,147,1,4.4,1,0,12.6759753592024,0,0,2.3,0,1,0,0
30,147,0,0,1,0,0,14.5568823435011,0,6.465,0,0,1,0
30,147,0,6,1,0,0,0,24.1801772051678,5.2,0,0,0,1
30,148,0,2,0,15.9024130144162,0,0,0,2.46,1,0,0,0
30,148,1,4,6,0,11.4085298933574,0,0,2.3,0,1,0,0
30,148,0,0,5,0,0,14.5568823435011,0,6.78,0,0,1,0
30,148,0,5,3,0,0,0,19.4007492946463,5.2,0,0,0,1
30,149,0,2,0,9.67878936735885,0,0,0,2.46,1,0,0,0
30,149,1,4,7,0,12.6759753592024,0,0,2.3,0,1,0,0
30,149,0,0,8,0,0,14.5568823435011,0,9.04,0,0,1,0
30,149,0,5,5,0,0,0,19.4007492946463,6.5,0,0,0,1
30,150,0,2,0,18.0744723484559,0,0,0,2.46,1,0,0,0
30,150,1,4,6,0,11.4085298933574,0,0,2.3,0,1,0,0
30,150,0,0,5,0,0,20.3695480575248,0,9.04,0,0,1,0
30,150,0,5,3,0,0,0,24.1801772051678,3.9,0,0,0,1
31,151,0,5,0,2.80990963068556,0,0,0,18.5823186026635,1,0,0,0
31,151,0,33,6,0,3.69089843074114,0,0,2.4,0,1,0,0
31,151,1,0,5,0,0,3.29117287590429,0,3.315,0,0,1,0
31,151,0,8,3,0,0,0,3.17008563462181,2.325,0,0,0,1
31,152,0,3,0,4.20190286898331,0,0,0,18.5823186026635,1,0,0,0
31,152,0,30,6,0,3.41666580401749,0,0,2.4,0,1,0,0
31,152,1,0,5,0,0,4.6917855403949,0,3.63,0,0,1,0
31,152,0,4,3,0,0,0,5.57200234705163,3.1,0,0,0,1
31,153,0,3,0,6.26686772207424,0,0,0,18.5823186026635,1,0,0,0
31,153,0,30,6,0,3.41666580401749,0,0,2.4,0,1,0,0
31,153,0,0,5,0,0,6.17822719290346,0,4.84,0,0,1,0
31,153,1,4,3,0,0,0,6.81955111517328,2.325,0,0,0,1
31,154,0,3,0,2.80990963068556,0,0,0,18.5823186026635,1,0,0,0
31,154,0,30,1,0,2.12189122501805,0,0,2.4,0,1,0,0
31,154,0,0,2,0,0,3.29117287590429,0,4.84,0,0,1,0
31,154,1,4,0,0,0,0,6.81955111517328,3.1,0,0,0,1
31,155,0,5,0,4.20190286898331,0,0,0,18.5823186026635,1,0,0,0
31,155,0,33,8,0,2.12189122501805,0,0,2.4,0,1,0,0
31,155,0,0,9,0,0,4.6917855403949,0,6.05,0,0,1,0
31,155,1,8,7,0,0,0,6.81955111517328,2.325,0,0,0,1
32,156,0,4,0,5.74997126945527,0,0,0,1.23,1,0,0,0
32,156,0,4.4,6,0,7.47247775410592,0,0,2.8,0,1,0,0
32,156,0,0,3,0,0,5.20731666945091,0,4.53,0,0,1,0
32,156,1,7,4,0,0,0,6.42918385150358,2.775,0,0,0,1
32,157,0,4,0,9.17168191265587,0,0,0,1.23,1,0,0,0
32,157,1,4.4,1,0,7.47247775410592,0,0,2.8,0,1,0,0
32,157,0,0,1,0,0,7.74181573930937,0,4.53,0,0,1,0
32,157,0,7,0,0,0,0,11.6249152597447,3.7,0,0,0,1
32,158,0,1,0,7.64268766643775,0,0,0,1.23,1,0,0,0
32,158,0,3.6,1,0,7.47247775410592,0,0,2.8,0,1,0,0
32,158,0,0,1,0,0,9.51958215947253,0,6.04,0,0,1,0
32,158,1,0,0,0,0,0,9.34489332199909,2.775,0,0,0,1
32,159,0,3,0,5.74997126945527,0,0,0,1.23,1,0,0,0
32,159,1,4,8,0,7.47247775410592,0,0,2.8,0,1,0,0
32,159,0,0,9,0,0,7.74181573930937,0,6.04,0,0,1,0
32,159,0,3,5,0,0,0,9.34489332199909,4.625,0,0,0,1
32,160,0,3,0,9.17168191265587,0,0,0,1.23,1,0,0,0
32,160,1,4,6,0,4.54346655566326,0,0,2.8,0,1,0,0
32,160,0,0,3,0,0,9.51958215947253,0,5.62,0,0,1,0
32,160,0,3,4,0,0,0,11.6249152597447,2.775,0,0,0,1
33,161,0,5,0,19.3325891856413,0,0,0,20.9299065086548,1,0,0,0
33,161,0,12.1,2,0,14.1700377102406,0,0,2.7,0,1,0,0
33,161,1,0,1,0,0,14.7692976036038,0,7.08,0,0,1,0
33,161,0,8,0,0,0,0,26.6540498497556,5.4,0,0,0,1
33,162,0,1,0,15.55775777501,0,0,0,20.9299065086548,1,0,0,0
33,162,0,9.9,2,0,14.1700377102406,0,0,2.7,0,1,0,0
33,162,0,0,1,0,0,21.462751444956,0,9.02,0,0,1,0
33,162,1,0,0,0,0,0,17.3941296431688,4.05,0,0,0,1
33,163,0,3,0,9.77109100524594,0,0,0,20.9299065086548,1,0,0,0
33,163,0,11,9,0,14.1700377102406,0,0,2.7,0,1,0,0
33,163,0,0,7,0,0,14.7692976036038,0,9.02,0,0,1,0
33,163,1,3,7,0,0,0,17.3941296431688,6.75,0,0,0,1
33,164,0,3,0,19.3325891856413,0,0,0,20.9299065086548,1,0,0,0
33,164,0,11,6,0,12.2667019954572,0,0,2.7,0,1,0,0
33,164,0,0,3,0,0,21.462751444956,0,9.02,0,0,1,0
33,164,1,3,4,0,0,0,26.6540498497556,4.05,0,0,0,1
33,165,0,3,0,9.77109100524594,0,0,0,20.9299065086548,1,0,0,0
33,165,0,11,2,0,8.34043824419855,0,0,2.7,0,1,0,0
33,165,0,0,1,0,0,11.6148351085407,0,9.02,0,0,1,0
33,165,1,3,0,0,0,0,26.6540498497556,5.4,0,0,0,1
34,166,1,5,0,7.85742700469155,0,0,0,1.64,1,0,0,0
34,166,0,33,4,0,9.70740680250046,0,0,2.3,0,1,0,0
34,166,0,0,3,0,0,6.58427467397048,0,4.65,0,0,1,0
34,166,0,7,4,0,0,0,8.94383360677022,3.15,0,0,0,1
34,167,1,2,0,10.0722775578201,0,0,0,1.64,1,0,0,0
34,167,0,30,4,0,6.30984400499376,0,0,2.3,0,1,0,0
34,167,0,0,3,0,0,9.28062543326072,0,5.28,0,0,1,0
34,167,0,4,4,0,0,0,10.1485530252449,4.2,0,0,0,1
34,168,1,1,0,10.0722775578201,0,0,0,1.64,1,0,0,0
34,168,0,27,1,0,9.70740680250046,0,0,2.3,0,1,0,0
34,168,0,0,0,0,0,12.3358367752134,0,6.62,0,0,1,0
34,168,0,2,1,0,0,0,10.1485530252449,3.15,0,0,0,1
34,169,1,2,0,7.85742700469155,0,0,0,1.64,1,0,0,0
34,169,0,30,7,0,9.70740680250046,0,0,2.3,0,1,0,0
34,169,0,0,8,0,0,9.28062543326072,0,6.2,0,0,1,0
34,169,0,4,6,0,0,0,10.1485530252449,5.25,0,0,0,1
34,170,1,1,0,10.0722775578201,0,0,0,1.64,1,0,0,0
34,170,0,27,4,0,9.70740680250046,0,0,2.3,0,1,0,0
34,170,0,0,3,0,0,6.58427467397048,0,8.8,0,0,1,0
34,170,0,2,4,0,0,0,14.6187818885359,5.25,0,0,0,1
35,171,0,4,0,6.4238830435611,0,0,0,18.9241293679979,1,0,0,0
35,171,1,3.52,5,0,6.76472407213057,0,0,1.7,0,1,0,0
35,171,0,0,1,0,0,5.06474951365142,0,3.15,0,0,1,0
35,171,0,7,2,0,0,0,7.47537163411625,3.2,0,0,0,1
35,172,0,0,0,4.77788464591789,0,0,0,18.9241293679979,1,0,0,0
35,172,0,2.88,5,0,6.76472407213057,0,0,1.7,0,1,0,0
35,172,0,0,1,0,0,6.86519855700089,0,4.62,0,0,1,0
35,172,1,0,2,0,0,0,6.26622436364792,2.4,0,0,0,1
35,173,0,3,0,3.64493209674138,0,0,0,18.9241293679979,1,0,0,0
35,173,1,3.2,12,0,6.76472407213057,0,0,1.7,0,1,0,0
35,173,0,0,7,0,0,5.06474951365142,0,4.2,0,0,1,0
35,173,0,4,6,0,0,0,6.26622436364792,4,0,0,0,1
35,174,0,3,0,6.4238830435611,0,0,0,18.9241293679979,1,0,0,0
35,174,1,3.2,8,0,5.33488253535118,0,0,1.7,0,1,0,0
35,174,0,0,3,0,0,6.86519855700089,0,4.62,0,0,1,0
35,174,0,4,4,0,0,0,7.47537163411625,2.4,0,0,0,1
35,175,0,0,0,4.77788464591789,0,0,0,18.9241293679979,1,0,0,0
35,175,1,2.88,8,0,6.76472407213057,0,0,1.7,0,1,0,0
35,175,0,0,3,0,0,3.00275939167541,0,5.775,0,0,1,0
35,175,0,0,4,0,0,0,7.47537163411625,4,0,0,0,1
36,176,0,3,0,15.914254597182,0,0,0,2.624,1,0,0,0
36,176,1,20.6,6,0,12.1287108360158,0,0,3.6,0,1,0,0
36,176,0,0,4,0,0,15.3227491425636,0,6.765,0,0,1,0
36,176,0,4,3,0,0,0,19.9394928118073,5.4,0,0,0,1
36,177,0,1,0,15.914254597182,0,0,0,2.624,1,0,0,0
36,177,0,18.54,3,0,13.497967229201,0,0,3.6,0,1,0,0
36,177,0,0,0,0,0,19.9869136000022,0,9.02,0,0,1,0
36,177,1,2,2,0,0,0,19.9394928118073,4.05,0,0,0,1
36,178,0,3,0,10.7506465594169,0,0,0,2.624,1,0,0,0
36,178,1,20.6,7,0,13.497967229201,0,0,3.6,0,1,0,0
36,178,0,0,6,0,0,15.3227491425636,0,9.02,0,0,1,0
36,178,0,4,7,0,0,0,19.9394928118073,6.75,0,0,0,1
36,179,0,3,0,19.5739976451672,0,0,0,2.624,1,0,0,0
36,179,0,20.6,6,0,12.1287108360158,0,0,3.6,0,1,0,0
36,179,0,0,4,0,0,19.9869136000022,0,9.02,0,0,1,0
36,179,1,4,3,0,0,0,25.8500342783169,4.05,0,0,0,1
36,180,0,5,0,15.914254597182,0,0,0,2.624,1,0,0,0
36,180,0,22.66,7,0,8.82313593980463,0,0,3.6,0,1,0,0
36,180,0,0,6,0,0,15.3227491425636,0,11.275,0,0,1,0
36,180,1,6,7,0,0,0,25.8500342783169,4.05,0,0,0,1
37,181,0,5,0,10.187615387069,0,0,0,1.23,1,0,0,0
37,181,1,4.4,3,0,6.27322890848695,0,0,2.3,0,1,0,0
37,181,0,0,1,0,0,6.76076849049674,0,4.53,0,0,1,0
37,181,0,7,0,0,0,0,12.64644766841,3.7,0,0,0,1
37,182,1,0,0,7.46684487017729,0,0,0,1.23,1,0,0,0
37,182,0,3.6,3,0,6.27322890848695,0,0,2.3,0,1,0,0
37,182,0,0,1,0,0,9.09002803303069,0,5.62,0,0,1,0
37,182,0,0,0,0,0,0,9.5343335129517,2.775,0,0,0,1
37,183,1,3,0,10.187615387069,0,0,0,1.23,1,0,0,0
37,183,0,4,4,0,5.51924970036355,0,0,2.3,0,1,0,0
37,183,0,0,3,0,0,9.09002803303069,0,5.2,0,0,1,0
37,183,0,3,4,0,0,0,12.64644766841,2.775,0,0,0,1
37,184,1,3,0,4.92773913916381,0,0,0,1.23,1,0,0,0
37,184,0,4,3,0,3.06804959326239,0,0,2.3,0,1,0,0
37,184,0,0,1,0,0,5.99234333575991,0,6.04,0,0,1,0
37,184,0,3,0,0,0,0,12.64644766841,3.7,0,0,0,1
37,185,1,0,0,7.46684487017729,0,0,0,1.23,1,0,0,0
37,185,0,3.6,4,0,6.27322890848695,0,0,2.3,0,1,0,0
37,185,0,0,3,0,0,5.99234333575991,0,7.55,0,0,1,0
37,185,0,0,4,0,0,0,12.64644766841,4.625,0,0,0,1
38,186,0,4,0,16.6885899188203,0,0,0,21.6026649425138,1,0,0,0
38,186,0,8.8,2,0,10.7076065080957,0,0,2.4,0,1,0,0
38,186,1,0,2,0,0,11.7293422604048,0,5.865,0,0,1,0
38,186,0,6,2,0,0,0,20.3692877675102,4.8,0,0,0,1
38,187,0,0,0,11.7279289132515,0,0,0,21.6026649425138,1,0,0,0
38,187,0,7.2,2,0,10.7076065080957,0,0,2.4,0,1,0,0
38,187,0,0,2,0,0,15.622710895078,0,8.24,0,0,1,0
38,187,1,2,2,0,0,0,14.9031766961103,3.6,0,0,0,1
38,188,0,3,0,16.6885899188203,0,0,0,21.6026649425138,1,0,0,0
38,188,0,8,6,0,8.12310481689011,0,0,2.4,0,1,0,0
38,188,1,0,5,0,0,15.622710895078,0,7.4,0,0,1,0
38,188,0,5,3,0,0,0,20.3692877675102,3.6,0,0,0,1
38,189,0,4,0,11.7279289132515,0,0,0,21.6026649425138,1,0,0,0
38,189,0,8.8,8,0,8.12310481689011,0,0,2.4,0,1,0,0
38,189,1,0,6,0,0,8.06293928545503,0,7.82,0,0,1,0
38,189,0,6,6,0,0,0,11.1500357845915,4.8,0,0,0,1
38,190,0,4,0,11.7279289132515,0,0,0,21.6026649425138,1,0,0,0
38,190,0,8.8,8,0,7.15634398519908,0,0,2.4,0,1,0,0
38,190,1,0,6,0,0,11.7293422604048,0,9.25,0,0,1,0
38,190,0,6,6,0,0,0,20.3692877675102,3.6,0,0,0,1
39,191,1,4,0,26.1626888681582,0,0,0,3.28,1,0,0,0
39,191,0,4.4,3,0,16.0269642882112,0,0,3.1,0,1,0,0
39,191,0,0,0,0,0,18.887201396955,0,8.28,0,0,1,0
39,191,0,7,0,0,0,0,31.1156410060627,6.2,0,0,0,1
39,192,1,3,0,19.6988577194742,0,0,0,3.28,1,0,0,0
39,192,0,4,5,0,15.6060141109875,0,0,3.1,0,1,0,0
39,192,0,0,5,0,0,18.887201396955,0,7.965,0,0,1,0
39,192,0,3,4,0,0,0,21.6472496934345,6.2,0,0,0,1
39,193,0,0,0,19.6988577194742,0,0,0,3.28,1,0,0,0
39,193,0,3.6,3,0,16.0269642882112,0,0,3.1,0,1,0,0
39,193,0,0,0,0,0,25.2788694857803,0,10.62,0,0,1,0
39,193,1,0,0,0,0,0,21.6472496934345,4.65,0,0,0,1
39,194,0,3,0,26.1626888681582,0,0,0,3.28,1,0,0,0
39,194,0,4,5,0,15.6060141109875,0,0,3.1,0,1,0,0
39,194,0,0,5,0,0,25.2788694857803,0,11.04,0,0,1,0
39,194,1,3,4,0,0,0,31.1156410060627,4.65,0,0,0,1
39,195,1,4,0,19.6988577194742,0,0,0,3.28,1,0,0,0
39,195,0,4.4,8,0,11.1232402462334,0,0,3.1,0,1,0,0
39,195,0,0,9,0,0,18.887201396955,0,13.8,0,0,1,0
39,195,0,7,6,0,0,0,31.1156410060627,4.65,0,0,0,1
40,196,0,4,0,6.6467350324259,0,0,0,14.4594285946198,1,0,0,0
40,196,1,9.24,2,0,8.12302849756624,0,0,2,0,1,0,0
40,196,0,0,0,0,0,5.97880884375861,0,3.45,0,0,1,0
40,196,0,8,0,0,0,0,8.63184971689057,3.4,0,0,0,1
40,197,0,0,0,5.66417777684149,0,0,0,14.4594285946198,1,0,0,0
40,197,0,7.56,2,0,8.12302849756624,0,0,2,0,1,0,0
40,197,0,0,0,0,0,7.40096834911987,0,4.6,0,0,1,0
40,197,1,0,0,0,0,0,6.58517456114878,2.55,0,0,0,1
40,198,0,4,0,5.66417777684149,0,0,0,14.4594285946198,1,0,0,0
40,198,0,9.24,12,0,6.2607069986548,0,0,2,0,1,0,0
40,198,0,0,6,0,0,4.52730759394525,0,4.6,0,0,1,0
40,198,1,8,5,0,0,0,5.11938601930611,3.4,0,0,0,1
40,199,0,0,0,4.6270449695706,0,0,0,14.4594285946198,1,0,0,0
40,199,0,7.56,2,0,6.2607069986548,0,0,2,0,1,0,0
40,199,0,0,0,0,0,5.97880884375861,0,5.75,0,0,1,0
40,199,1,0,0,0,0,0,5.11938601930611,2.55,0,0,0,1
40,200,0,0,0,5.66417777684149,0,0,0,14.4594285946198,1,0,0,0
40,200,0,7.56,9,0,8.12302849756624,0,0,2,0,1,0,0
40,200,0,0,4,0,0,4.52730759394525,0,5.75,0,0,1,0
40,200,1,0,4,0,0,0,8.63184971689057,4.25,0,0,0,1
41,201,1,5,0,4.78643230134305,0,0,0,0.984,1,0,0,0
41,201,0,15.62,5,0,5.84172084886621,0,0,2.8,0,1,0,0
41,201,0,0,5,0,0,4.09425463054661,0,4.08,0,0,1,0
41,201,0,8,3,0,0,0,4.23652252900333,2.55,0,0,0,1
41,202,1,3,0,6.49072399146173,0,0,0,0.984,1,0,0,0
41,202,0,14.2,5,0,4.57826549806126,0,0,2.8,0,1,0,0
41,202,0,0,5,0,0,6.01353091844673,0,4.08,0,0,1,0
41,202,0,3,3,0,0,0,6.4128537307989,3.4,0,0,0,1
41,203,1,5,0,6.49072399146173,0,0,0,0.984,1,0,0,0
41,203,0,15.62,8,0,4.57826549806126,0,0,2.8,0,1,0,0
41,203,0,0,7,0,0,4.09425463054661,0,5.02,0,0,1,0
41,203,0,8,6,0,0,0,4.23652252900333,3.4,0,0,0,1
41,204,1,5,0,6.49072399146173,0,0,0,0.984,1,0,0,0
41,204,0,15.62,8,0,3.36550130987668,0,0,2.8,0,1,0,0
41,204,0,0,7,0,0,6.01353091844673,0,6.8,0,0,1,0
41,204,0,8,6,0,0,0,9.60954507705978,2.55,0,0,0,1
41,205,1,1,0,6.49072399146173,0,0,0,0.984,1,0,0,0
41,205,0,12.78,5,0,5.84172084886621,0,0,2.8,0,1,0,0
41,205,0,0,5,0,0,4.09425463054661,0,6.8,0,0,1,0
41,205,0,1,3,0,0,0,9.60954507705978,4.25,0,0,0,1
42,206,1,4,0,3.15246978158887,0,0,0,0.656,1,0,0,0
42,206,0,28.6,4,0,3.21259652227457,0,0,0,0,1,0,0
42,206,0,0,5,0,0,2.89095335744576,0,3.165,0,0,1,0
42,206,0,7,4,0,0,0,3.23928129906749,2.25,0,0,0,1
42,207,1,2,0,4.62884493326509,0,0,0,0.656,1,0,0,0
42,207,0,26,4,0,2.70447441700484,0,0,0,0,1,0,0
42,207,0,0,5,0,0,5.42508083838622,0,4.64,0,0,1,0
42,207,0,4,4,0,0,0,6.33934449375126,2.25,0,0,0,1
42,208,1,2,0,3.15246978158887,0,0,0,0.656,1,0,0,0
42,208,0,26,2,0,2.13208146368435,0,0,0,0,1,0,0
42,208,0,0,2,0,0,2.89095335744576,0,4.22,0,0,1,0
42,208,0,4,0,0,0,0,6.33934449375126,3,0,0,0,1
42,209,1,4,0,3.74975015282392,0,0,0,0.656,1,0,0,0
42,209,0,28.6,7,0,2.13208146368435,0,0,0,0,1,0,0
42,209,0,0,7,0,0,4.20595504972291,0,5.8,0,0,1,0
42,209,0,7,7,0,0,0,6.33934449375126,2.25,0,0,0,1
42,210,1,1,0,3.74975015282392,0,0,0,0.656,1,0,0,0
42,210,0,23.4,4,0,3.21259652227457,0,0,0,0,1,0,0
42,210,0,0,5,0,0,2.89095335744576,0,5.275,0,0,1,0
42,210,0,1,4,0,0,0,6.33934449375126,3.75,0,0,0,1
43,211,0,2,0,9.66560707107783,0,0,0,13.7692758107347,1,0,0,0
43,211,1,11,8,0,12.8146030935958,0,0,2.7,0,1,0,0
43,211,0,0,9,0,0,13.7980190749043,0,7.82,0,0,1,0
43,211,0,4,7,0,0,0,15.7738221606644,6,0,0,0,1
43,212,0,5,0,12.4909976766424,0,0,0,13.7692758107347,1,0,0,0
43,212,1,12.1,8,0,8.01987463874274,0,0,2.7,0,1,0,0
43,212,0,0,9,0,0,7.9765951765181,0,7.4,0,0,1,0
43,212,0,7,7,0,0,0,10.7019661743664,4.8,0,0,0,1
43,213,0,2,0,9.66560707107783,0,0,0,13.7692758107347,1,0,0,0
43,213,1,11,1,0,6.99398311497503,0,0,2.7,0,1,0,0
43,213,0,0,2,0,0,7.9765951765181,0,7.4,0,0,1,0
43,213,0,4,2,0,0,0,20.0145708036177,4.8,0,0,0,1
43,214,0,5,0,12.4909976766424,0,0,0,13.7692758107347,1,0,0,0
43,214,1,12.1,8,0,6.99398311497503,0,0,2.7,0,1,0,0
43,214,0,0,9,0,0,13.7980190749043,0,9.775,0,0,1,0
43,214,0,7,7,0,0,0,20.0145708036177,3.6,0,0,0,1
43,215,0,0,0,9.66560707107783,0,0,0,13.7692758107347,1,0,0,0
43,215,1,9.9,1,0,8.01987463874274,0,0,2.7,0,1,0,0
43,215,0,0,2,0,0,13.7980190749043,0,9.25,0,0,1,0
43,215,0,0,2,0,0,0,10.7019661743664,3.6,0,0,0,1
44,216,1,5,0,4.08525417159201,0,0,0,0.574,1,0,0,0
44,216,0,33,1,0,3.28278273341311,0,0,2.8,0,1,0,0
44,216,0,0,0,0,0,3.59816392400492,0,3.33,0,0,1,0
44,216,0,6,1,0,0,0,5.29536055565005,2.9,0,0,0,1
44,217,1,2,0,2.40348161589435,0,0,0,0.574,1,0,0,0
44,217,0,30,9,0,3.28278273341311,0,0,2.8,0,1,0,0
44,217,0,0,9,0,0,3.59816392400492,0,3.6,0,0,1,0
44,217,0,5,6,0,0,0,3.83687606863372,3.625,0,0,0,1
44,218,1,2,0,4.08525417159201,0,0,0,0.574,1,0,0,0
44,218,0,30,4,0,2.23396080791344,0,0,2.8,0,1,0,0
44,218,0,0,5,0,0,4.65937044689417,0,4.02,0,0,1,0
44,218,0,5,3,0,0,0,5.29536055565005,2.175,0,0,0,1
44,219,1,5,0,3.20289494510575,0,0,0,0.574,1,0,0,0
44,219,0,33,9,0,2.23396080791344,0,0,2.8,0,1,0,0
44,219,0,0,9,0,0,2.63216930444636,0,4.44,0,0,1,0
44,219,0,6,6,0,0,0,3.00815081800291,2.9,0,0,0,1
44,220,1,1,0,2.40348161589435,0,0,0,0.574,1,0,0,0
44,220,0,27,1,0,2.23396080791344,0,0,2.8,0,1,0,0
44,220,0,0,0,0,0,3.59816392400492,0,5.55,0,0,1,0
44,220,0,2,1,0,0,0,3.00815081800291,2.175,0,0,0,1
45,221,0,5,0,1.8793237261426,0,0,0,18.294240848451,1,0,0,0
45,221,0,13.42,5,0,2.18559241555296,0,0,0,0,1,0,0
45,221,1,0,5,0,0,1.96189539494503,0,2.4,0,0,1,0
45,221,0,6,4,0,0,0,2.20132934056486,2.025,0,0,0,1
45,222,0,5,0,2.91111501863019,0,0,0,18.294240848451,1,0,0,0
45,222,0,13.42,3,0,2.18559241555296,0,0,0,0,1,0,0
45,222,1,0,1,0,0,2.58265096306164,0,3.03,0,0,1,0
45,222,0,6,1,0,0,0,3.88911793104818,2.7,0,0,0,1
45,223,0,3,0,2.40122765119915,0,0,0,18.294240848451,1,0,0,0
45,223,0,12.2,5,0,1.98659665940483,0,0,0,0,1,0,0
45,223,0,0,5,0,0,2.58265096306164,0,3.03,0,0,1,0
45,223,1,5,4,0,0,0,3.04432221019974,2.7,0,0,0,1
45,224,0,3,0,2.91111501863019,0,0,0,18.294240848451,1,0,0,0
45,224,0,12.2,5,0,1.98659665940483,0,0,0,0,1,0,0
45,224,0,0,5,0,0,3.08433059779562,0,4.04,0,0,1,0
45,224,1,5,4,0,0,0,3.88911793104818,2.025,0,0,0,1
45,225,0,0,0,1.8793237261426,0,0,0,18.294240848451,1,0,0,0
45,225,0,10.98,3,0,1.98659665940483,0,0,0,0,1,0,0
45,225,0,0,1,0,0,2.58265096306164,0,5.05,0,0,1,0
45,225,1,0,1,0,0,0,2.20132934056486,2.025,0,0,0,1
46,226,1,2,0,4.99487215840371,0,0,0,0.902,1,0,0,0
46,226,0,17.4,6,0,4.00021305000414,0,0,2,0,1,0,0
46,226,0,0,3,0,0,5.1120020281435,0,3.3,0,0,1,0
46,226,0,4,3,0,0,0,6.10576214157179,3.3,0,0,0,1
46,227,1,0,0,4.99487215840371,0,0,0,0.902,1,0,0,0
46,227,0,15.66,1,0,5.42647176951321,0,0,2,0,1,0,0
46,227,0,0,2,0,0,7.14762711481835,0,4.82,0,0,1,0
46,227,0,2,1,0,0,0,6.10576214157179,2.475,0,0,0,1
46,228,1,2,0,6.92762431728831,0,0,0,0.902,1,0,0,0
46,228,0,17.4,6,0,4.00021305000414,0,0,2,0,1,0,0
46,228,0,0,3,0,0,7.14762711481835,0,4.4,0,0,1,0
46,228,0,4,3,0,0,0,9.31696644919388,2.475,0,0,0,1
46,229,1,5,0,4.99487215840371,0,0,0,0.902,1,0,0,0
46,229,0,19.14,8,0,4.00021305000414,0,0,2,0,1,0,0
46,229,0,0,9,0,0,4.17678832513671,0,4.82,0,0,1,0
46,229,0,7,6,0,0,0,4.07382434188012,3.3,0,0,0,1
46,230,1,2,0,3.81359317093473,0,0,0,0.902,1,0,0,0
46,230,0,17.4,1,0,2.67319938276736,0,0,2,0,1,0,0
46,230,0,0,2,0,0,4.17678832513671,0,4.4,0,0,1,0
46,230,0,4,1,0,0,0,9.31696644919388,3.3,0,0,0,1
47,231,0,4,0,4.38117548524895,0,0,0,1.066,1,0,0,0
47,231,1,11,6,0,6.30119300235556,0,0,2.2,0,1,0,0
47,231,0,0,5,0,0,4.11651078518864,0,3.915,0,0,1,0
47,231,0,8,3,0,0,0,5.07086347595809,2.625,0,0,0,1
47,232,0,3,0,6.75627084744775,0,0,0,1.066,1,0,0,0
47,232,1,10,6,0,5.01300232739025,0,0,2.2,0,1,0,0
47,232,0,0,5,0,0,5.99783657001048,0,4.23,0,0,1,0
47,232,0,3,3,0,0,0,8.1024864885729,3.5,0,0,0,1
47,233,0,3,0,8.19329074880651,0,0,0,1.066,1,0,0,0
47,233,1,10,6,0,5.01300232739025,0,0,2.2,0,1,0,0
47,233,0,0,5,0,0,8.48873116147908,0,4.8,0,0,1,0
47,233,0,3,3,0,0,0,10.4704917296582,2.625,0,0,0,1
47,234,0,3,0,4.38117548524895,0,0,0,1.066,1,0,0,0
47,234,1,10,3,0,2.86192580046177,0,0,2.2,0,1,0,0
47,234,0,0,2,0,0,4.11651078518864,0,5.64,0,0,1,0
47,234,0,3,0,0,0,0,10.4704917296582,3.5,0,0,0,1
47,235,0,0,0,4.38117548524895,0,0,0,1.066,1,0,0,0
47,235,0,9,3,0,5.01300232739025,0,0,2.2,0,1,0,0
47,235,0,0,2,0,0,5.99783657001048,0,7.05,0,0,1,0
47,235,1,2,0,0,0,0,5.07086347595809,2.625,0,0,0,1
48,236,0,5,0,3.19546000640734,0,0,0,15.0724397996889,1,0,0,0
48,236,1,17.6,6,0,3.47388403571068,0,0,0,0,1,0,0
48,236,0,0,5,0,0,2.86728646710219,0,3.48,0,0,1,0
48,236,0,8,4,0,0,0,3.55891682188001,2.25,0,0,0,1
48,237,0,5,0,4.9730790448778,0,0,0,15.0724397996889,1,0,0,0
48,237,1,17.6,2,0,3.47388403571068,0,0,0,0,1,0,0
48,237,0,0,1,0,0,3.78641568966825,0,3.48,0,0,1,0
48,237,0,8,0,0,0,0,6.67423996214621,3,0,0,0,1
48,238,0,3,0,4.18242477508784,0,0,0,15.0724397996889,1,0,0,0
48,238,1,16,6,0,2.73272263117431,0,0,0,0,1,0,0
48,238,0,0,5,0,0,3.78641568966825,0,3.165,0,0,1,0
48,238,0,5,4,0,0,0,4.62857794757667,3,0,0,0,1
48,239,0,3,0,3.19546000640734,0,0,0,15.0724397996889,1,0,0,0
48,239,1,16,2,0,2.0878851507995,0,0,0,0,1,0,0
48,239,0,0,1,0,0,2.86728646710219,0,4.22,0,0,1,0
48,239,0,5,0,0,0,0,6.67423996214621,3,0,0,0,1
48,240,0,1,0,4.18242477508784,0,0,0,15.0724397996889,1,0,0,0
48,240,1,14.4,6,0,3.47388403571068,0,0,0,0,1,0,0
48,240,0,0,5,0,0,2.86728646710219,0,5.275,0,0,1,0
48,240,0,0,4,0,0,0,6.67423996214621,3.75,0,0,0,1
49,241,0,1,0,1.61463002976138,0,0,0,19.4344272962782,1,0,0,0
49,241,0,5.22,3,0,1.48692427742922,0,0,3,0,1,0,0
49,241,0,0,2,0,0,1.88883890632746,0,3.64,0,0,1,0
49,241,1,0,1,0,0,0,1.59871837235957,1.875,0,0,0,1
49,242,0,3,0,0.933250853706442,0,0,0,19.4344272962782,1,0,0,0
49,242,0,5.8,9,0,1.48692427742922,0,0,3,0,1,0,0
49,242,0,0,9,0,0,1.37692032850509,0,3.22,0,0,1,0
49,242,1,5,5,0,0,0,1.59871837235957,3.125,0,0,0,1
49,243,0,3,0,1.90993877686792,0,0,0,19.4344272962782,1,0,0,0
49,243,0,5.8,4,0,0.930557753455489,0,0,3,0,1,0,0
49,243,1,0,4,0,0,1.88883890632746,0,3.22,0,0,1,0
49,243,0,5,4,0,0,0,2.29626238088735,1.875,0,0,0,1
49,244,0,4,0,1.61463002976138,0,0,0,19.4344272962782,1,0,0,0
49,244,0,6.38,9,0,0.649730235536054,0,0,3,0,1,0,0
49,244,1,0,9,0,0,1.37692032850509,0,4.025,0,0,1,0
49,244,0,8,5,0,0,0,2.29626238088735,1.875,0,0,0,1
49,245,0,1,0,0.933250853706442,0,0,0,19.4344272962782,1,0,0,0
49,245,0,5.22,3,0,0.930557753455489,0,0,3,0,1,0,0
49,245,0,0,2,0,0,1.37692032850509,0,4.025,0,0,1,0
49,245,1,0,1,0,0,0,1.11101125510433,1.875,0,0,0,1
50,246,0,4,0,8.28788435591568,0,0,0,20.0263722749209,1,0,0,0
50,246,0,45.1,2,0,5.83180002128514,0,0,3.2,0,1,0,0
50,246,1,0,2,0,0,5.50503873827519,0,3.45,0,0,1,0
50,246,0,8,1,0,0,0,9.44548815154598,3.4,0,0,0,1
50,247,0,2,0,8.28788435591568,0,0,0,20.0263722749209,1,0,0,0
50,247,0,41,5,0,4.69208997764906,0,0,3.2,0,1,0,0
50,247,0,0,5,0,0,7.98213607975797,0,4.6,0,0,1,0
50,247,1,4,4,0,0,0,9.44548815154598,2.55,0,0,0,1
50,248,0,4,0,5.74441494865911,0,0,0,20.0263722749209,1,0,0,0
50,248,0,45.1,7,0,4.69208997764906,0,0,3.2,0,1,0,0
50,248,1,0,6,0,0,4.07561599083143,0,4.6,0,0,1,0
50,248,0,8,7,0,0,0,5.18124304986122,3.4,0,0,0,1
50,249,0,2,0,4.52806915103646,0,0,0,20.0263722749209,1,0,0,0
50,249,0,41,2,0,3.58211655383513,0,0,3.2,0,1,0,0
50,249,1,0,2,0,0,4.07561599083143,0,4.6,0,0,1,0
50,249,0,4,1,0,0,0,9.44548815154598,3.4,0,0,0,1
50,250,0,1,0,5.74441494865911,0,0,0,20.0263722749209,1,0,0,0
50,250,0,36.9,5,0,5.83180002128514,0,0,3.2,0,1,0,0
50,250,1,0,5,0,0,4.07561599083143,0,5.75,0,0,1,0
50,250,0,2,4,0,0,0,9.44548815154598,4.25,0,0,0,1
51,251,1,4,0,3.16754262125295,0,0,0,0.738,1,0,0,0
51,251,0,11,6,0,4.23505861131359,0,0,2.7,0,1,0,0
51,251,0,0,4,0,0,3.12026098710957,0,3.63,0,0,1,0
51,251,0,7,4,0,0,0,3.71954131910334,2.325,0,0,0,1
51,252,1,0,0,4.28736122831175,0,0,0,0.738,1,0,0,0
51,252,0,9,2,0,4.23505861131359,0,0,2.7,0,1,0,0
51,252,0,0,1,0,0,6.05942046976635,0,4.42,0,0,1,0
51,252,0,2,1,0,0,0,5.54086832291001,2.325,0,0,0,1
51,253,1,2,0,3.16754262125295,0,0,0,0.738,1,0,0,0
51,253,0,10,8,0,4.23505861131359,0,0,2.7,0,1,0,0
51,253,0,0,8,0,0,4.92595962734799,0,4.84,0,0,1,0
51,253,0,4,7,0,0,0,5.54086832291001,3.875,0,0,0,1
51,254,1,4,0,4.28736122831175,0,0,0,0.738,1,0,0,0
51,254,0,11,8,0,2.58879027242977,0,0,2.7,0,1,0,0
51,254,0,0,8,0,0,4.92595962734799,0,6.05,0,0,1,0
51,254,0,7,7,0,0,0,7.35083446780938,2.325,0,0,0,1
51,255,1,0,0,4.28736122831175,0,0,0,0.738,1,0,0,0
51,255,0,9,6,0,4.23505861131359,0,0,2.7,0,1,0,0
51,255,0,0,4,0,0,3.12026098710957,0,5.525,0,0,1,0
51,255,0,2,4,0,0,0,7.35083446780938,3.875,0,0,0,1
52,256,0,5,0,18.0262508913237,0,0,0,12.7683796376591,1,0,0,0
52,256,0,33,1,0,14.1132750195016,0,0,0,0,1,0,0
52,256,1,0,0,0,0,15.763454894422,0,6.3,0,0,1,0
52,256,0,8,0,0,0,0,23.3713919069784,5.3,0,0,0,1
52,257,0,2,0,10.3264762016541,0,0,0,12.7683796376591,1,0,0,0
52,257,1,30,9,0,14.1132750195016,0,0,0,0,1,0,0
52,257,0,0,8,0,0,15.763454894422,0,8.4,0,0,1,0
52,257,0,4,7,0,0,0,17.5061360467472,6.625,0,0,0,1
52,258,0,2,0,18.0262508913237,0,0,0,12.7683796376591,1,0,0,0
52,258,1,30,4,0,11.5162980336967,0,0,0,0,1,0,0
52,258,0,0,5,0,0,21.3135265393447,0,8.4,0,0,1,0
52,258,0,4,4,0,0,0,23.3713919069784,3.975,0,0,0,1
52,259,0,2,0,10.3264762016541,0,0,0,12.7683796376591,1,0,0,0
52,259,0,30,1,0,7.01441989096683,0,0,0,0,1,0,0
52,259,0,0,0,0,0,10.9737608013846,0,8.82,0,0,1,0
52,259,1,4,0,0,0,0,23.3713919069784,5.3,0,0,0,1
52,260,0,5,0,15.1860267484645,0,0,0,12.7683796376591,1,0,0,0
52,260,0,33,9,0,7.01441989096683,0,0,0,0,1,0,0
52,260,0,0,8,0,0,15.763454894422,0,10.5,0,0,1,0
52,260,1,8,7,0,0,0,23.3713919069784,3.975,0,0,0,1
53,261,0,5,0,3.39390784327265,0,0,0,17.4658932260181,1,0,0,0
53,261,1,33,6,0,5.67360762288412,0,0,2,0,1,0,0
53,261,0,0,4,0,0,3.53859953611125,0,3.63,0,0,1,0
53,261,0,8,4,0,0,0,3.46951756182115,2.325,0,0,0,1
53,262,0,2,0,4.46026183448505,0,0,0,17.4658932260181,1,0,0,0
53,262,1,30,6,0,4.66517713355487,0,0,2,0,1,0,0
53,262,0,0,4,0,0,4.1874321914598,0,3.315,0,0,1,0
53,262,0,4,4,0,0,0,5.67234607835355,3.1,0,0,0,1
53,263,0,5,0,4.46026183448505,0,0,0,17.4658932260181,1,0,0,0
53,263,1,33,12,0,4.66517713355487,0,0,2,0,1,0,0
53,263,0,0,8,0,0,3.53859953611125,0,4,0,0,1,0
53,263,0,8,6,0,0,0,3.46951756182115,3.1,0,0,0,1
53,264,0,2,0,3.39390784327265,0,0,0,17.4658932260181,1,0,0,0
53,264,1,30,3,0,4.13751681686554,0,0,2,0,1,0,0
53,264,0,0,1,0,0,3.53859953611125,0,4.42,0,0,1,0
53,264,0,4,2,0,0,0,7.45986023969247,3.1,0,0,0,1
53,265,0,1,0,4.46026183448505,0,0,0,17.4658932260181,1,0,0,0
53,265,1,27,6,0,5.67360762288412,0,0,2,0,1,0,0
53,265,0,0,4,0,0,3.53859953611125,0,5.525,0,0,1,0
53,265,0,2,4,0,0,0,7.45986023969247,3.875,0,0,0,1
54,266,0,5,0,45.4306754339092,0,0,0,23.7611886725252,1,0,0,0
54,266,1,11,1,0,35.1130789970311,0,0,0.1,0,1,0,0
54,266,0,0,1,0,0,38.4619158528657,0,13.665,0,0,1,0
54,266,0,8,2,0,0,0,61.0781081290166,10,0,0,0,1
54,267,0,3,0,35.3921984190802,0,0,0,23.7611886725252,1,0,0,0
54,267,1,10,5,0,27.4426823957923,0,0,0.1,0,1,0,0
54,267,0,0,3,0,0,38.4619158528657,0,13.35,0,0,1,0
54,267,0,3,3,0,0,0,40.3471722412266,10,0,0,0,1
54,268,0,1,0,35.3921984190802,0,0,0,23.7611886725252,1,0,0,0
54,268,1,9,1,0,35.1130789970311,0,0,0.1,0,1,0,0
54,268,0,0,1,0,0,50.8728577037512,0,18.22,0,0,1,0
54,268,0,0,2,0,0,0,40.3471722412266,7.5,0,0,0,1
54,269,0,3,0,30.9925828872697,0,0,0,23.7611886725252,1,0,0,0
54,269,1,10,7,0,35.1130789970311,0,0,0.1,0,1,0,0
54,269,0,0,8,0,0,38.4619158528657,0,17.8,0,0,1,0
54,269,0,3,5,0,0,0,40.3471722412266,12.5,0,0,0,1
54,270,0,5,0,35.3921984190802,0,0,0,23.7611886725252,1,0,0,0
54,270,1,11,7,0,27.4426823957923,0,0,0.1,0,1,0,0
54,270,0,0,8,0,0,29.1340871724147,0,18.22,0,0,1,0
54,270,0,8,5,0,0,0,32.1442065162221,10,0,0,0,1
55,271,1,5,0,142.453851796734,0,0,0,27.11,1,0,0,0
55,271,0,132,3,0,50.4392934453067,0,0,4.8,0,1,0,0
55,271,0,0,0,0,0,99.5550624206208,0,33.03,0,0,1,0
55,271,0,8,1,0,0,0,170.911635295235,22.7,0,0,0,1
55,272,1,3,0,97.5787112313157,0,0,0,27.11,1,0,0,0
55,272,0,120,7,0,31.6420970572257,0,0,4.8,0,1,0,0
55,272,0,0,4,0,0,99.5550624206208,0,33.03,0,0,1,0
55,272,0,5,3,0,0,0,118.401325106598,22.7,0,0,0,1
55,273,1,0,0,97.5787112313157,0,0,0,27.11,1,0,0,0
55,273,0,108,3,0,50.4392934453067,0,0,4.8,0,1,0,0
55,273,0,0,0,0,0,139.234946055043,0,44.04,0,0,1,0
55,273,0,1,1,0,0,0,118.401325106598,17.025,0,0,0,1
55,274,1,5,0,97.5787112313157,0,0,0,27.11,1,0,0,0
55,274,0,132,19,0,14.9194704427313,0,0,4.8,0,1,0,0
55,274,0,0,6,0,0,99.5550624206208,0,54,0,0,1,0
55,274,0,8,6,0,0,0,170.911635295235,17.025,0,0,0,1
55,275,1,0,0,97.5787112313157,0,0,0,27.11,1,0,0,0
55,275,0,108,7,0,50.4392934453067,0,0,4.8,0,1,0,0
55,275,0,0,4,0,0,70.1354989871931,0,55.05,0,0,1,0
55,275,0,1,3,0,0,0,170.911635295235,28.375,0,0,0,1
56,276,0,4,0,24.3748319230217,0,0,0,5.33,1,0,0,0
56,276,0,16.06,5,0,26.6372736090881,0,0,0.4,0,1,0,0
56,276,0,0,3,0,0,24.5296510719996,0,12.03,0,0,1,0
56,276,1,6,4,0,0,0,25.7650492389256,6.525,0,0,0,1
56,277,0,2,0,29.5257229329496,0,0,0,5.33,1,0,0,0
56,277,1,14.6,5,0,25.4812833104472,0,0,0.4,0,1,0,0
56,277,0,0,3,0,0,31.7814505007191,0,12.03,0,0,1,0
56,277,0,5,4,0,0,0,33.4401490315656,8.7,0,0,0,1
56,278,1,2,0,24.3748319230217,0,0,0,5.33,1,0,0,0
56,278,0,14.6,7,0,26.6372736090881,0,0,0.4,0,1,0,0
56,278,0,0,9,0,0,31.7814505007191,0,16.04,0,0,1,0
56,278,0,5,7,0,0,0,33.4401490315656,10.875,0,0,0,1
56,279,0,2,0,24.3748319230217,0,0,0,5.33,1,0,0,0
56,279,1,14.6,3,0,17.9766219172107,0,0,0.4,0,1,0,0
56,279,0,0,2,0,0,24.5296510719996,0,16.04,0,0,1,0
56,279,0,5,0,0,0,0,45.9156761955623,8.7,0,0,0,1
56,280,1,0,0,29.5257229329496,0,0,0,5.33,1,0,0,0
56,280,0,13.14,5,0,26.6372736090881,0,0,0.4,0,1,0,0
56,280,0,0,3,0,0,24.5296510719996,0,20.05,0,0,1,0
56,280,0,1,4,0,0,0,45.9156761955623,10.875,0,0,0,1
57,281,0,4,0,9.22972784480772,0,0,0,14.962191479635,1,0,0,0
57,281,1,7.04,4,0,10.4623340653401,0,0,0,0,1,0,0
57,281,0,0,5,0,0,9.36574285285681,0,5.88,0,0,1,0
57,281,0,7,4,0,0,0,10.029808139808,3.45,0,0,0,1
57,282,0,4,0,16.5192121219167,0,0,0,14.962191479635,1,0,0,0
57,282,1,7.04,2,0,10.4623340653401,0,0,0,0,1,0,0
57,282,0,0,0,0,0,11.1944538000027,0,5.25,0,0,1,0
57,282,0,7,1,0,0,0,16.9930477199594,4.6,0,0,0,1
57,283,0,3,0,9.22972784480772,0,0,0,14.962191479635,1,0,0,0
57,283,1,6.4,8,0,10.4623340653401,0,0,0,0,1,0,0
57,283,0,0,8,0,0,11.1944538000027,0,7.84,0,0,1,0
57,283,0,5,7,0,0,0,13.8120054900208,5.75,0,0,0,1
57,284,0,3,0,16.5192121219167,0,0,0,14.962191479635,1,0,0,0
57,284,1,6.4,4,0,7.30397457520104,0,0,0,0,1,0,0
57,284,0,0,5,0,0,16.1596904630213,0,7,0,0,1,0
57,284,0,5,4,0,0,0,16.9930477199594,3.45,0,0,0,1
57,285,0,4,0,12.6516916370605,0,0,0,14.962191479635,1,0,0,0
57,285,1,7.04,8,0,4.90353658276227,0,0,0,0,1,0,0
57,285,0,0,8,0,0,11.1944538000027,0,8.75,0,0,1,0
57,285,0,7,7,0,0,0,16.9930477199594,3.45,0,0,0,1
58,286,0,5,0,17.1481867985912,0,0,0,14.7599978000997,1,0,0,0
58,286,1,11.22,5,0,20.9908751710297,0,0,2,0,1,0,0
58,286,0,0,2,0,0,13.5940874736044,0,6.465,0,0,1,0
58,286,0,6,0,0,0,0,23.2498663846054,5.2,0,0,0,1
58,287,0,2,0,16.2781463821368,0,0,0,14.7599978000997,1,0,0,0
58,287,1,10.2,10,0,15.9883648923105,0,0,2,0,1,0,0
58,287,0,0,3,0,0,13.5940874736044,0,6.15,0,0,1,0
58,287,0,4,4,0,0,0,15.3895073306955,5.2,0,0,0,1
58,288,0,2,0,17.1481867985912,0,0,0,14.7599978000997,1,0,0,0
58,288,1,10.2,10,0,15.9883648923105,0,0,2,0,1,0,0
58,288,0,0,3,0,0,19.0145570761558,0,8.2,0,0,1,0
58,288,0,4,4,0,0,0,23.2498663846054,3.9,0,0,0,1
58,289,0,2,0,10.1020657329592,0,0,0,14.7599978000997,1,0,0,0
58,289,1,10.2,5,0,14.5953024238337,0,0,2,0,1,0,0
58,289,0,0,2,0,0,9.5969791166943,0,8.2,0,0,1,0
58,289,0,4,0,0,0,0,23.2498663846054,5.2,0,0,0,1
58,290,0,5,0,16.2781463821368,0,0,0,14.7599978000997,1,0,0,0
58,290,1,11.22,12,0,14.5953024238337,0,0,2,0,1,0,0
58,290,0,0,9,0,0,13.5940874736044,0,10.25,0,0,1,0
58,290,0,6,6,0,0,0,23.2498663846054,3.9,0,0,0,1
59,291,0,5,0,37.3631641491929,0,0,0,8.282,1,0,0,0
59,291,1,7.04,10,0,61.3504042406451,0,0,0.3,0,1,0,0
59,291,0,0,5,0,0,34.5457171906824,0,16.8,0,0,1,0
59,291,0,7,4,0,0,0,44.9431760971884,9.225,0,0,0,1
59,292,0,3,0,50.7242093180246,0,0,0,8.282,1,0,0,0
59,292,1,6.4,10,0,53.5480764862495,0,0,0.3,0,1,0,0
59,292,0,0,5,0,0,52.3035354985514,0,16.8,0,0,1,0
59,292,0,5,4,0,0,0,65.0298910936876,12.3,0,0,0,1
59,293,0,3,0,37.3631641491929,0,0,0,8.282,1,0,0,0
59,293,1,6.4,2,0,42.4945977429847,0,0,0.3,0,1,0,0
59,293,0,0,0,0,0,34.5457171906824,0,22.4,0,0,1,0
59,293,0,5,2,0,0,0,74.0913669573705,12.3,0,0,0,1
59,294,0,5,0,50.7242093180246,0,0,0,8.282,1,0,0,0
59,294,1,7.04,14,0,42.4945977429847,0,0,0.3,0,1,0,0
59,294,0,0,9,0,0,52.3035354985514,0,28,0,0,1,0
59,294,0,7,6,0,0,0,74.0913669573705,9.225,0,0,0,1
59,295,0,0,0,37.3631641491929,0,0,0,8.282,1,0,0,0
59,295,1,5.76,2,0,53.5480764862495,0,0,0.3,0,1,0,0
59,295,0,0,0,0,0,52.3035354985514,0,29.05,0,0,1,0
59,295,0,1,2,0,0,0,44.9431760971884,9.225,0,0,0,1
60,296,0,5,0,27.6943312426783,0,0,0,20.1621740099467,1,0,0,0
60,296,1,28.82,6,0,56.608572690447,0,0,3,0,1,0,0
60,296,0,0,5,0,0,26.5923315525503,0,13.35,0,0,1,0
60,296,0,6,3,0,0,0,27.7177390275099,7.5,0,0,0,1
60,297,0,5,0,47.2126195861056,0,0,0,20.1621740099467,1,0,0,0
60,297,1,28.82,4,0,56.608572690447,0,0,3,0,1,0,0
60,297,0,0,2,0,0,37.0045753584487,0,13.35,0,0,1,0
60,297,0,6,1,0,0,0,64.9321300015161,10,0,0,0,1
60,298,0,2,0,40.6521479394175,0,0,0,20.1621740099467,1,0,0,0
60,298,1,26.2,6,0,41.3051676815621,0,0,3,0,1,0,0
60,298,0,0,5,0,0,37.0045753584487,0,13.35,0,0,1,0
60,298,0,4,3,0,0,0,48.5807866687842,10,0,0,0,1
60,299,0,2,0,47.2126195861056,0,0,0,20.1621740099467,1,0,0,0
60,299,1,26.2,6,0,41.3051676815621,0,0,3,0,1,0,0
60,299,0,0,5,0,0,49.0488537788971,0,17.8,0,0,1,0
60,299,0,4,3,0,0,0,64.9321300015161,7.5,0,0,0,1
60,300,0,2,0,27.6943312426783,0,0,0,20.1621740099467,1,0,0,0
60,300,1,26.2,4,0,29.6193091238661,0,0,3,0,1,0,0
60,300,0,0,2,0,0,26.5923315525503,0,17.8,0,0,1,0
60,300,0,4,1,0,0,0,64.9321300015161,10,0,0,0,1
61,301,0,5,0,15.8007456595778,0,0,0,4.018,1,0,0,0
61,301,0,15.62,9,0,34.6688156108183,0,0,0,0,1,0,0
61,301,0,0,3,0,0,16.1897155750752,0,9.63,0,0,1,0
61,301,1,7,3,0,0,0,19.4662511627461,5.325,0,0,0,1
61,302,0,2,0,24.8497949369018,0,0,0,4.018,1,0,0,0
61,302,1,14.2,9,0,27.8468978229088,0,0,0,0,1,0,0
61,302,0,0,3,0,0,22.9712372853936,0,9.63,0,0,1,0
61,302,0,5,3,0,0,0,29.5653213280987,7.1,0,0,0,1
61,303,1,2,0,15.8007456595778,0,0,0,4.018,1,0,0,0
61,303,0,14.2,15,0,34.6688156108183,0,0,0,0,1,0,0
61,303,0,0,6,0,0,22.9712372853936,0,12.84,0,0,1,0
61,303,0,5,5,0,0,0,29.5653213280987,8.875,0,0,0,1
61,304,0,2,0,28.010870100572,0,0,0,4.018,1,0,0,0
61,304,1,14.2,9,0,27.8468978229088,0,0,0,0,1,0,0
61,304,0,0,3,0,0,30.7979881566479,0,12.42,0,0,1,0
61,304,0,5,3,0,0,0,39.319443416763,5.325,0,0,0,1
61,305,0,1,0,24.8497949369018,0,0,0,4.018,1,0,0,0
61,305,1,12.78,9,0,34.6688156108183,0,0,0,0,1,0,0
61,305,0,0,3,0,0,16.1897155750752,0,16.05,0,0,1,0
61,305,0,1,3,0,0,0,39.319443416763,8.875,0,0,0,1
62,306,0,4,0,8.61502944302397,0,0,0,17.1665011881889,1,0,0,0
62,306,0,22.88,3,0,9.26892952336206,0,0,2,0,1,0,0
62,306,0,0,0,0,0,7.13330454318395,0,3.9,0,0,1,0
62,306,1,8,0,0,0,0,10.5222790818713,3.7,0,0,0,1
62,307,0,0,0,8.08245995974458,0,0,0,17.1665011881889,1,0,0,0
62,307,0,18.72,3,0,9.26892952336206,0,0,2,0,1,0,0
62,307,0,0,0,0,0,10.2171742527786,0,5.2,0,0,1,0
62,307,1,2,0,0,0,0,9.27098958509066,2.775,0,0,0,1
62,308,0,3,0,8.61502944302397,0,0,0,17.1665011881889,1,0,0,0
62,308,0,20.8,7,0,7.81137883065068,0,0,2,0,1,0,0
62,308,0,0,5,0,0,10.2171742527786,0,5.62,0,0,1,0
62,308,1,3,4,0,0,0,10.5222790818713,2.775,0,0,0,1
62,309,0,0,0,4.85988493504931,0,0,0,17.1665011881889,1,0,0,0
62,309,0,18.72,3,0,7.81137883065068,0,0,2,0,1,0,0
62,309,0,0,0,0,0,7.13330454318395,0,6.5,0,0,1,0
62,309,1,2,0,0,0,0,5.51583616069188,2.775,0,0,0,1
62,310,0,0,0,8.08245995974458,0,0,0,17.1665011881889,1,0,0,0
62,310,1,18.72,7,0,9.26892952336206,0,0,2,0,1,0,0
62,310,0,0,5,0,0,5.05335165223883,0,7.025,0,0,1,0
62,310,0,2,4,0,0,0,10.5222790818713,4.625,0,0,0,1
63,311,0,5,0,58.5321240577689,0,0,0,8.2,1,0,0,0
63,311,1,11,2,0,29.2190363582268,0,0,7,0,1,0,0
63,311,0,0,1,0,0,45.6262893789975,0,17.28,0,0,1,0
63,311,0,8,1,0,0,0,73.1732523460345,12.2,0,0,0,1
63,312,0,3,0,50.8774441610736,0,0,0,8.2,1,0,0,0
63,312,1,10,14,0,16.4312217585815,0,0,7,0,1,0,0
63,312,0,0,5,0,0,45.6262893789975,0,17.28,0,0,1,0
63,312,0,5,3,0,0,0,62.0538237101989,12.2,0,0,0,1
63,313,0,5,0,50.8774441610736,0,0,0,8.2,1,0,0,0
63,313,1,11,19,0,16.4312217585815,0,0,7,0,1,0,0
63,313,0,0,8,0,0,35.5776159222186,0,23.04,0,0,1,0
63,313,0,8,6,0,0,0,36.2996203641639,12.2,0,0,0,1
63,314,0,3,0,37.5074308103666,0,0,0,8.2,1,0,0,0
63,314,1,10,2,0,5.47879756206619,0,0,7,0,1,0,0
63,314,0,0,1,0,0,35.5776159222186,0,23.04,0,0,1,0
63,314,0,5,1,0,0,0,73.1732523460345,12.2,0,0,0,1
63,315,0,0,0,37.5074308103666,0,0,0,8.2,1,0,0,0
63,315,1,9,2,0,16.4312217585815,0,0,7,0,1,0,0
63,315,0,0,1,0,0,45.6262893789975,0,28.8,0,0,1,0
63,315,0,1,1,0,0,0,36.2996203641639,9.15,0,0,0,1
64,316,0,4,0,12.9757289098286,0,0,0,20.6834279250664,1,0,0,0
64,316,1,8.8,10,0,26.2451325430873,0,0,0,0,1,0,0
64,316,0,0,3,0,0,13.6098572836746,0,7.53,0,0,1,0
64,316,0,8,4,0,0,0,14.9817430091164,4.275,0,0,0,1
64,317,0,4,0,19.7689483657058,0,0,0,20.6834279250664,1,0,0,0
64,317,1,8.8,4,0,26.2451325430873,0,0,0,0,1,0,0
64,317,0,0,2,0,0,17.0667901936259,0,7.215,0,0,1,0
64,317,0,8,0,0,0,0,26.1180075409049,5.7,0,0,0,1
64,318,0,2,0,17.578691916966,0,0,0,20.6834279250664,1,0,0,0
64,318,1,8,10,0,18.5821083591045,0,0,0,0,1,0,0
64,318,0,0,3,0,0,17.0667901936259,0,7.53,0,0,1,0
64,318,0,4,4,0,0,0,19.3806787462976,5.7,0,0,0,1
64,319,0,1,0,17.578691916966,0,0,0,20.6834279250664,1,0,0,0
64,319,1,7.2,4,0,26.2451325430873,0,0,0,0,1,0,0
64,319,0,0,2,0,0,22.2594100844021,0,9.2,0,0,1,0
64,319,0,2,0,0,0,0,19.3806787462976,4.275,0,0,0,1
64,320,0,1,0,12.9757289098286,0,0,0,20.6834279250664,1,0,0,0
64,320,1,7.2,4,0,18.5821083591045,0,0,0,0,1,0,0
64,320,0,0,2,0,0,17.0667901936259,0,12.025,0,0,1,0
64,320,0,2,0,0,0,0,14.9817430091164,4.275,0,0,0,1
65,321,1,5,0,15.6927314518235,0,0,0,13.444,1,0,0,0
65,321,0,4.84,7,0,29.7094512672186,0,0,2.1,0,1,0,0
65,321,0,0,5,0,0,14.7249966145318,0,8.265,0,0,1,0
65,321,0,6,3,0,0,0,16.3349282735574,4.8,0,0,0,1
65,322,1,3,0,15.6927314518235,0,0,0,13.444,1,0,0,0
65,322,0,4.4,13,0,29.7094512672186,0,0,2.1,0,1,0,0
65,322,0,0,7,0,0,21.3780764014176,0,11.02,0,0,1,0
65,322,0,4,7,0,0,0,24.1537052034293,8,0,0,0,1
65,323,1,3,0,23.7338516637762,0,0,0,13.444,1,0,0,0
65,323,0,4.4,7,0,22.5671560499741,0,0,2.1,0,1,0,0
65,323,0,0,5,0,0,27.6000272550155,0,11.02,0,0,1,0
65,323,0,4,3,0,0,0,33.7152075573837,4.8,0,0,0,1
65,324,1,5,0,22.2362476398089,0,0,0,13.444,1,0,0,0
65,324,0,4.84,13,0,22.5671560499741,0,0,2.1,0,1,0,0
65,324,0,0,7,0,0,14.7249966145318,0,11.44,0,0,1,0
65,324,0,6,7,0,0,0,16.3349282735574,6.4,0,0,0,1
65,325,1,1,0,22.2362476398089,0,0,0,13.444,1,0,0,0
65,325,0,3.96,7,0,29.7094512672186,0,0,2.1,0,1,0,0
65,325,0,0,5,0,0,14.7249966145318,0,14.3,0,0,1,0
65,325,0,1,3,0,0,0,33.7152075573837,8,0,0,0,1
66,326,1,0,0,34.5097679957304,0,0,0,15.512,1,0,0,0
66,326,0,33.12,2,0,47.3696310765039,0,0,2,0,1,0,0
66,326,0,0,0,0,0,45.9162649120475,0,15.82,0,0,1,0
66,326,0,2,2,0,0,0,40.2430856024947,6.6,0,0,0,1
66,327,1,2,0,43.2253225970141,0,0,0,15.512,1,0,0,0
66,327,0,36.8,9,0,38.5136893255901,0,0,2,0,1,0,0
66,327,0,0,4,0,0,45.9162649120475,0,15.82,0,0,1,0
66,327,0,5,3,0,0,0,56.0373337928758,6.6,0,0,0,1
66,328,1,5,0,34.5097679957304,0,0,0,15.512,1,0,0,0
66,328,0,40.48,11,0,38.5136893255901,0,0,2,0,1,0,0
66,328,0,0,6,0,0,23.1416027268259,0,15.4,0,0,1,0
66,328,0,8,5,0,0,0,26.7977922060755,8.8,0,0,0,1
66,329,1,5,0,34.5097679957304,0,0,0,15.512,1,0,0,0
66,329,0,40.48,11,0,28.0499347367207,0,0,2,0,1,0,0
66,329,0,0,6,0,0,32.6738730143695,0,19.775,0,0,1,0
66,329,0,8,5,0,0,0,56.0373337928758,6.6,0,0,0,1
66,330,1,0,0,22.2726051719563,0,0,0,15.512,1,0,0,0
66,330,0,33.12,2,0,38.5136893255901,0,0,2,0,1,0,0
66,330,0,0,0,0,0,32.6738730143695,0,19.25,0,0,1,0
66,330,0,2,2,0,0,0,26.7977922060755,6.6,0,0,0,1
67,331,0,3,0,13.9303189082957,0,0,0,2.214,1,0,0,0
67,331,1,9.2,5,0,10.4076939918584,0,0,0,0,1,0,0
67,331,0,0,3,0,0,13.957993609204,0,5.7,0,0,1,0
67,331,0,4,3,0,0,0,16.9145363345776,4.9,0,0,0,1
67,332,0,1,0,13.9303189082957,0,0,0,2.214,1,0,0,0
67,332,1,8.28,1,0,12.4935523847103,0,0,0,0,1,0,0
67,332,0,0,2,0,0,16.7592703139082,0,7.6,0,0,1,0
67,332,0,1,2,0,0,0,16.9145363345776,3.675,0,0,0,1
67,333,0,5,0,13.9303189082957,0,0,0,2.214,1,0,0,0
67,333,1,10.12,9,0,10.4076939918584,0,0,0,0,1,0,0
67,333,0,0,9,0,0,8.75226090917184,0,8.44,0,0,1,0
67,333,0,7,7,0,0,0,11.0532432411572,4.9,0,0,0,1
67,334,0,3,0,9.67501062861993,0,0,0,2.214,1,0,0,0
67,334,1,9.2,1,0,7.41085286713458,0,0,0,0,1,0,0
67,334,0,0,2,0,0,8.75226090917184,0,7.6,0,0,1,0
67,334,0,4,2,0,0,0,19.3959537533452,4.9,0,0,0,1
67,335,0,1,0,13.9303189082957,0,0,0,2.214,1,0,0,0
67,335,1,8.28,5,0,12.4935523847103,0,0,0,0,1,0,0
67,335,0,0,3,0,0,8.75226090917184,0,9.5,0,0,1,0
67,335,0,1,3,0,0,0,19.3959537533452,6.125,0,0,0,1
